1 2 2 8 26980.2971
1 652 10 8 224129.7853
2 3 5 6 3460.9833
2 4 7 9 2360018.642
2 6 4 9 1941686.4322
3 626 8 10 8551225.1823
4 5 9 2 20.2751
4 619 6 8 400834.658
4 568 4 8 253471.7091
5 6 7 6 4624.5235
5 615 9 6 6620.8451
5 616 8 10 11542931.958
6 620 10 1 11.4501
6 648 3 9 1583290.2878
7 8 9 3 55.5104
7 561 7 9 1728620.2028
8 9 8 5 816.2524
9 39 8 5 894.5694
10 11 5 5 588.2482
10 12 9 3 56.9117
10 15 1 8 33702.4516
10 187 4 9 896700.2451
11 13 2 2 5.7256
11 14 4 1 5.4859
11 185 9 10 24551822.6409
12 13 10 2 21.7002
12 146 4 9 1102410.9823
12 144 3 7 12774.2875
13 145 6 5 840.9411
13 181 6 2 13.7605
14 675 10 10 16349280.8601
14 681 1 1 2.5872
15 675 10 6 8199.1049
16 17 10 3 61.9164
16 18 1 4 24.9444
17 20 4 3 25.1479
17 38 3 2 7.6528
17 58 6 4 153.257
18 36 8 1 9.2936
18 42 2 4 47.9984
19 20 3 3 19.7208
19 52 9 5 909.286
20 58 9 7 47995.2594
20 59 4 9 1649436.0765
21 22 9 1 10.6989
21 23 10 10 6258889.7366
21 845 5 3 30.4208
21 847 3 1 4.5188
22 24 4 2 9.7478
22 913 3 8 645341.5592
23 24 3 10 8315390.57
25 26 6 2 13.4275
25 159 7 6 4882.0645
26 27 6 4 141.4917
26 28 6 3 34.3064
27 176 5 5 600.6367
28 29 2 7 15269.5968
28 153 4 4 106.5724
28 158 1 3 7.6396
29 172 6 3 37.1459
30 31 3 3 21.3165
31 35 7 6 3927.8071
32 33 3 3 20.2812
33 34 10 6 7460.3042
33 37 10 1 11.3135
34 35 7 4 160.4023
35 36 2 7 7910.1778
35 47 4 10 5461276.4253
37 45 3 1 4.4969
38 39 8 9 1816815.8217
40 41 4 7 18781.6056
41 42 10 7 41986.5546
43 44 2 6 1322.3217
43 592 4 4 93.3629
44 58 4 5 424.5135
45 46 9 3 56.3794
46 47 5 3 32.5337
47 50 1 2 3.6149
47 52 10 8 222556.3498
48 49 5 7 26607.4009
48 51 9 2 19.7648
49 50 8 5 1215.137
49 65 7 3 43.4259
49 91 2 3 13.4376
50 68 1 7 3305.6646
53 54 6 3 35.579
53 55 9 9 1884364.5799
53 126 9 9 3446626.7419
54 57 8 9 1657003.6709
54 127 6 1 7.5287
54 129 7 6 3919.4096
55 56 9 5 1056.3444
55 106 2 9 825946.6582
56 57 4 3 25.0542
56 111 1 7 2560.8164
57 100 3 4 71.3403
57 119 7 5 879.1548
59 60 9 1 10.6066
59 67 1 8 28038.3268
60 599 7 5 970.9785
61 62 5 1 6.4354
61 65 10 2 21.5852
61 89 6 9 1032365.4262
62 63 8 9 1196865.8481
62 80 5 7 19971.6307
63 64 3 6 1850.7326
63 67 9 3 54.6347
64 65 8 4 192.3145
64 66 10 1 11.4882
65 68 2 10 1707062.8796
66 67 1 8 46014.0222
66 68 1 4 28.9315
69 70 9 7 23622.7564
69 71 5 5 662.592
69 75 10 3 60.1071
70 86 3 6 2521.7553
70 149 2 3 13.6449
71 72 6 8 175676.2816
71 74 1 1 2.592
72 73 4 5 440.7678
75 76 2 2 5.689
76 77 8 1 9.5055
76 627 3 8 148990.3402
77 78 5 1 6.5171
78 79 5 6 2642.3679
78 627 2 1 3.5854
79 630 7 5 732.2564
80 81 5 3 30.5094
80 82 5 6 3455.5962
82 89 2 1 3.5165
82 134 1 6 567.3136
83 84 5 8 148481.3497
83 134 2 5 265.616
84 85 7 1 8.6665
84 133 10 3 60.2093
85 86 1 4 27.4468
85 113 2 10 3415887.4389
85 135 5 1 6.5088
85 146 6 1 7.4728
87 88 3 5 359.3784
88 603 6 2 13.4064
89 90 8 6 5991.3977
90 92 5 9 510649.7749
90 133 5 10 8678236.5475
90 134 7 7 35032.8189
91 92 10 3 64.5473
92 115 9 7 37969.4461
93 94 8 4 190.0013
94 95 4 3 24.196
94 156 9 10 5954685.9716
94 168 1 3 7.4633
95 96 9 5 1236.7363
96 97 5 8 130771.7168
96 151 7 1 8.5362
97 98 9 1 10.4682
97 124 2 5 179.9369
97 150 10 8 360353.1011
99 100 1 1 2.5904
99 101 8 2 17.7856
99 111 5 8 137832.7949
100 102 4 6 2069.9663
100 104 3 1 4.5213
103 104 7 3 43.4357
104 119 6 1 7.4662
104 121 3 1 4.5194
105 106 3 10 2690378.2728
105 107 3 7 10028.0275
105 109 3 6 2930.2691
105 118 7 5 892.4211
106 108 8 10 50922935.2292
106 110 3 8 698088.5554
107 108 2 1 3.5293
108 111 6 3 36.6685
109 110 3 7 21089.6168
109 112 9 9 2035773.1005
109 114 7 10 17572771.7899
110 126 9 2 18.9923
110 140 9 2 19.4609
112 113 2 7 6785.4603
112 135 3 1 4.5699
112 140 3 6 2934.8524
113 114 10 7 60937.3324
113 133 8 6 6264.1067
114 115 1 9 104949.1631
114 118 9 4 212.2251
115 116 9 10 5354676.037
115 133 6 2 13.3746
116 117 8 7 30666.3765
117 118 2 5 307.633
119 122 5 5 591.1537
119 127 4 3 25.7706
120 121 3 1 4.5474
121 122 5 4 112.4463
121 124 2 4 50.4071
122 125 1 3 7.8101
122 128 4 2 9.5161
123 124 1 6 1038.1896
124 125 4 1 5.5104
125 150 8 10 16548179.6198
125 154 1 3 7.4789
126 131 7 3 46.203
127 128 1 4 24.5707
127 130 2 3 13.3794
128 132 2 10 4814036.5342
128 154 4 6 2805.3333
129 130 9 2 19.6426
129 131 8 10 392528333.8024
129 144 2 4 50.4783
130 132 4 1 5.4688
130 145 9 6 5383.3995
131 141 2 7 7145.6569
132 157 2 4 52.2151
132 180 7 2 16.2333
135 142 10 1 11.5545
136 137 10 10 8662836.3938
136 138 5 4 120.992
136 678 6 2 13.8129
136 690 7 2 15.4525
137 139 10 9 1692541.9679
137 689 9 6 7805.2718
137 691 3 10 1669647.9485
138 684 4 6 2089.1063
139 685 1 8 79580.0773
140 141 5 9 1349192.0092
140 142 3 7 9138.3213
141 143 7 9 973899.4184
141 144 4 5 479.1676
142 143 7 2 15.8939
143 146 2 7 9881.1854
144 145 8 4 209.9914
145 180 2 6 1075.3083
146 148 8 1 9.4917
147 148 8 2 17.6999
147 149 3 3 19.8309
147 633 1 3 7.5793
148 187 4 5 358.6011
149 628 2 8 51943.2841
150 151 9 5 1029.9613
150 152 10 3 60.5761
151 153 10 8 454669.8814
152 153 3 1 4.5368
152 154 8 2 17.5239
152 158 1 10 7627526.7066
153 155 10 7 46831.0929
154 157 6 4 159.2704
155 156 5 8 113418.8476
156 167 9 10 10164489.8556
157 158 5 7 38356.3305
157 161 3 7 21581.7492
158 160 7 5 771.4501
159 160 8 3 48.5468
159 190 5 2 11.7827
160 161 8 1 9.421
160 184 2 3 13.4919
161 180 5 7 24934.3231
161 182 7 10 7584572.6574
162 163 4 4 96.4452
163 164 6 10 12582355.8418
163 171 9 6 5283.8143
164 165 4 2 9.6351
164 169 9 1 10.5526
165 166 8 6 6278.0948
165 168 3 3 19.3437
167 168 4 9 3676184.3683
167 169 8 8 150652.6956
167 172 10 1 11.5313
169 173 4 7 13448.4181
169 174 10 6 6128.751
170 171 8 10 12729011.0985
171 225 9 6 7327.8324
172 173 2 2 5.762
173 175 8 10 17945017.4267
173 178 2 2 5.7321
174 177 7 8 186228.3047
174 191 7 1 8.4954
175 176 7 8 182656.389
176 179 5 6 3790.347
176 200 3 2 7.5514
177 178 2 4 45.8886
177 192 5 10 22143931.6119
178 179 4 9 792937.3383
179 193 10 10 15218110.9793
179 199 5 10 11761283.0454
180 181 5 1 6.5233
181 182 4 7 16544.7666
181 185 10 9 3041730.3972
182 183 9 5 1305.4416
182 189 9 9 1081679.4024
183 184 5 4 120.2994
183 201 7 3 46.6594
184 190 6 10 10336208.0337
185 186 8 7 57820.2916
185 188 3 2 7.4782
186 678 10 5 771.2349
187 673 3 4 72.3689
188 189 6 2 13.1695
189 202 3 2 7.2903
189 684 9 10 26948104.3672
190 203 2 6 1275.047
190 204 7 3 43.8606
191 192 4 7 11317.1947
191 197 1 4 26.2126
192 193 8 9 1228439.0439
192 196 4 4 79.7329
193 194 5 7 108677.8054
194 195 5 1 6.5653
194 198 8 7 40062.4242
195 196 10 8 553666.7238
195 235 5 8 163942.0172
196 197 6 7 18190.5488
196 233 4 1 5.5585
197 226 9 1 10.4992
197 231 6 10 30760822.1049
198 199 3 10 19878414.3172
198 205 4 1 5.52
198 270 9 2 19.5982
199 200 1 7 5257.2955
199 208 5 7 45236.8073
200 204 1 7 3291.4487
200 209 1 5 104.2362
201 202 7 9 4786861.2658
202 203 1 9 147043.0101
202 685 5 2 11.5107
203 210 10 5 1382.9182
203 686 1 7 14141.7592
205 206 4 8 143642.0377
205 271 1 4 26.0151
206 207 7 8 286488.1989
206 274 6 6 4404.0947
207 208 5 8 350301.527
207 211 10 7 77015.729
208 209 9 2 19.4152
209 210 2 10 2651310.513
209 211 3 1 4.5334
211 938 3 8 93295.3659
212 213 2 8 150839.6117
213 214 7 9 1031276.8485
214 215 2 1 3.5594
214 382 4 6 2316.2652
215 216 8 2 17.6049
215 377 3 4 74.1431
216 217 9 2 19.0966
216 318 5 9 788946.2333
218 219 8 9 2478840.8614
218 317 2 5 195.9418
219 220 10 1 11.4541
219 302 8 2 17.4512
219 307 1 3 7.9178
220 221 7 9 1214958.3726
221 222 9 8 181908.7715
221 253 7 10 7316601.3901
221 301 3 9 1388095.1423
222 223 8 3 54.6243
222 244 4 8 106073.4296
222 249 5 6 2850.5952
224 225 2 5 211.1464
225 228 7 2 15.9542
225 226 8 8 162375.958
227 228 4 5 510.7444
228 230 4 6 2782.4517
228 231 8 6 5390.9356
229 230 8 8 191012.3515
230 232 2 3 12.8053
230 239 2 9 207195.8073
231 232 7 8 701795.0932
231 233 5 8 101070.4743
232 234 1 6 735.4265
232 237 8 9 3915327.323
233 234 1 3 7.662
233 236 5 8 193895.4101
234 238 4 8 85532.7856
234 240 4 1 5.5546
235 236 9 6 4872.4067
235 270 1 7 5688.0888
236 240 8 10 49621408.4718
237 238 9 2 19.6599
237 239 2 10 2618442.3988
237 246 9 7 37408.0649
238 255 8 10 12584398.5806
238 257 3 9 1438830.7109
239 241 6 4 144.3486
239 245 2 3 13.0723
240 256 2 8 60252.7543
240 271 4 3 25.5017
241 242 2 4 42.9077
241 243 7 2 15.8681
242 244 9 8 203975.5164
244 247 4 4 114.8535
245 247 3 7 9947.4726
246 248 3 7 15289.3724
247 248 10 6 6572.2076
247 250 1 1 2.5787
248 252 4 6 4069.0873
248 259 7 10 26330931.9433
249 250 2 10 6574809.3024
249 254 6 8 286737.2122
250 251 10 1 11.5521
250 254 3 3 19.469
251 252 10 8 335535.947
251 263 10 10 14271380.9459
252 260 5 1 6.5627
252 263 4 10 7482822.3296
253 254 7 1 8.5354
253 296 5 10 6554979.9783
253 297 2 10 9395668.0504
254 262 4 4 93.6629
255 259 6 8 114782.9132
256 257 3 5 461.6859
256 272 6 10 11880579.5676
257 258 8 6 7159.5015
258 264 7 7 30775.5753
259 261 2 10 2210430.2801
259 264 9 9 1075010.6327
260 261 9 1 10.6342
260 265 1 4 26.3461
261 266 4 10 4353345.5328
261 268 3 1 4.5258
262 263 3 8 69898.8708
262 265 10 6 4006.1577
262 296 9 5 886.0952
262 310 8 6 8113.794
263 265 7 2 15.9415
264 267 3 5 400.1519
264 275 3 4 71.6822
265 269 7 2 15.408
266 267 4 8 178996.2381
266 277 2 5 172.0893
267 276 2 8 58140.3415
267 278 8 3 47.6123
268 269 5 10 30253266.2625
268 277 9 4 235.773
269 310 6 5 706.4835
269 280 4 7 21992.3044
270 271 7 6 3472.2566
271 272 6 8 109401.7879
272 273 6 10 9914877.9887
272 275 4 7 43299.5146
273 274 2 6 962.9718
273 287 8 8 264652.5581
274 290 3 9 1056714.2848
274 292 10 7 40369.147
275 276 6 4 138.5089
275 286 3 8 265531.5892
276 281 1 6 715.0595
276 284 7 7 34213.3219
277 280 5 6 3488.1543
278 279 3 6 2494.535
278 281 7 2 15.6547
278 338 1 1 2.5932
279 280 6 9 1068965.6056
279 331 9 4 218.2058
279 340 5 7 22869.2887
280 316 6 8 199151.7665
281 282 4 3 25.6144
282 283 1 7 4572.7355
282 337 8 3 50.2655
283 284 10 5 1452.2688
283 348 2 1 3.5485
283 355 10 1 11.472
284 285 6 3 34.3707
284 356 1 5 106.6348
285 286 4 8 80557.2398
285 293 2 7 6047.7186
286 287 6 7 31390.7171
287 288 2 3 13.5362
288 289 5 2 11.4636
288 293 6 2 13.6813
289 290 6 5 742.5463
289 359 9 6 7767.0573
290 291 3 1 4.5669
290 358 10 8 406726.379
291 943 5 4 133.4222
292 708 7 8 478642.8825
293 359 8 5 854.7032
294 295 2 9 180946.0148
294 297 9 9 1209520.0858
294 298 8 5 843.1688
295 296 10 6 4883.7774
295 309 8 3 47.7825
295 311 10 3 57.4349
297 303 9 7 29554.9187
298 299 9 6 6413.5329
298 300 3 8 78129.6834
298 303 10 10 48450588.5679
299 302 7 3 39.8804
299 306 8 6 4482.0526
299 308 7 10 1421480923.8637
300 301 4 7 28545.2387
300 303 2 5 269.3387
301 302 6 9 1286150.7524
304 305 6 8 128188.0469
304 307 8 10 22761562.3793
304 326 10 1 11.5337
305 306 4 9 518532.5554
305 324 9 4 206.3218
306 322 5 3 31.1388
307 317 10 4 234.9855
308 309 8 5 982.5955
308 323 7 7 27125.4296
309 312 8 1 9.4392
310 311 2 4 55.3661
310 316 8 6 6189.36
311 312 1 10 1126364.4663
312 313 4 9 598821.6031
313 314 1 7 3676.3607
313 323 7 3 43.4202
314 315 9 6 5384.8717
314 328 6 1 7.4754
314 333 9 7 38964.329
315 316 7 5 725.119
315 332 10 1 11.7253
316 331 5 9 15407276.6523
317 321 4 3 26.3822
318 319 6 3 37.532
318 377 1 8 46310.3205
319 320 1 7 3982.7944
319 380 9 10 223090196.7247
320 321 8 5 807.7305
320 387 7 8 704229.0179
321 325 3 1 4.5636
321 389 3 8 84211.7188
322 323 9 5 1051.1332
322 324 7 5 1055.532
322 327 2 1 3.5156
323 329 7 6 4639.0819
324 326 6 1 7.433
325 326 5 8 408159.0712
325 327 9 10 19723138.4959
327 330 1 4 27.5497
328 329 2 4 58.53
328 445 2 1 3.5415
329 330 4 6 3052.111
330 444 2 9 288886.9424
330 452 7 1 8.4346
330 447 8 3 51.101
330 454 10 7 95680.8022
331 332 9 8 244273.9925
331 336 10 6 8164.189
332 333 4 7 16511.1114
332 335 1 1 2.5671
333 334 1 7 6705.5859
334 335 7 3 41.9861
334 364 10 5 1685.2801
334 445 5 4 109.6985
335 336 1 8 24956.9896
336 343 8 4 194.6841
337 338 3 5 360.3076
337 344 10 8 1516940.6942
337 347 9 1 10.4553
338 339 5 8 154184.0946
339 340 4 7 16761.2985
339 344 4 7 21823.0306
340 341 2 7 10408.0691
340 349 7 1 8.4534
341 342 5 10 8155707.9404
341 353 3 10 2382014.0289
342 343 8 4 195.9721
342 368 10 3 60.4959
343 365 2 2 5.4899
344 345 9 8 159245.7447
344 349 5 9 2955500.1036
345 346 3 6 2230.2059
345 352 4 6 2702.7883
346 347 1 1 2.5952
346 373 7 6 4977.9956
347 348 5 4 109.5107
348 360 5 9 720554.1499
349 353 5 1 6.6123
350 351 8 5 799.4866
350 352 7 5 713.9013
350 376 8 10 9679368.3956
351 354 1 1 2.5796
351 371 5 10 9040420.7922
352 373 2 2 5.6938
353 354 6 5 716.8438
354 368 6 7 17132.242
354 370 7 5 695.9429
355 356 5 8 155116.0141
355 362 2 1 3.52
356 357 1 6 1235.3971
357 358 5 1 6.6122
357 936 4 8 130051.5077
358 937 10 7 24226.7425
360 361 9 7 108873.9302
360 363 10 3 59.7256
361 362 2 1 3.5759
361 959 5 4 125.6484
362 936 1 5 127.1329
362 950 10 2 20.9766
363 375 4 3 26.1325
364 365 9 10 18774161.1358
364 366 6 4 169.0741
365 369 6 4 146.5838
366 367 6 8 264665.8141
366 446 8 5 1150.2234
366 460 7 5 1002.5087
366 463 8 1 9.5578
367 368 6 7 23112.0194
367 370 10 10 15156912.07
370 372 7 1 8.5564
370 461 7 4 164.4074
371 372 7 8 279418.1543
371 374 1 3 7.6444
371 475 5 3 30.971
372 462 2 1 3.523
372 476 7 9 1363410.3552
373 376 6 9 1286574.6344
374 375 9 2 19.6115
374 376 4 5 503.3698
374 475 8 6 3720.5567
375 999 1 6 845.8108
375 1003 3 9 370811.7151
377 378 5 8 415356.5007
378 379 10 1 11.4498
378 381 8 8 205946.8678
379 380 6 8 254434.7018
379 393 9 4 190.2842
380 388 10 10 15925046.6495
381 382 3 2 7.8147
381 396 8 10 8740119.8285
382 397 2 4 46.698
383 384 4 5 407.4344
383 385 10 9 2422467.8853
383 457 10 7 44643.3093
384 388 3 3 19.0722
384 425 9 8 268643.2788
385 386 5 6 2892.4231
385 443 4 6 3389.1178
386 387 1 10 2965495.234
386 389 10 3 58.532
387 389 4 8 168618.1151
388 392 9 8 534845.236
390 391 3 2 7.5661
390 395 8 8 167653.743
390 402 8 8 157260.2393
391 392 7 5 761.7461
391 417 1 3 7.9291
392 420 2 3 13.3152
393 394 2 2 5.5741
394 395 9 1 10.5565
394 396 4 1 5.5573
395 399 6 5 835.0358
396 397 3 10 3913366.445
397 398 10 10 9637628.1175
398 399 4 4 93.6611
398 404 7 2 16.1441
399 403 6 8 237832.3379
400 401 2 8 70284.45
400 408 5 1 6.5214
401 402 5 6 5437.9648
401 407 7 2 15.5565
402 403 5 4 135.5656
403 404 7 4 177.4369
404 405 2 1 3.5267
406 407 2 4 46.3149
406 408 9 5 895.4093
406 413 10 9 2416840.9212
407 417 3 6 3137.2101
408 414 4 5 468.9363
409 410 7 7 32093.8679
409 411 8 6 5622.7542
409 431 3 6 2598.8693
410 416 5 5 623.1022
410 436 4 10 7177366.164
410 437 1 1 2.576
411 412 4 1 5.5089
412 413 8 4 198.7322
412 428 7 3 45.7612
413 418 3 5 397.4891
414 415 3 7 9026.3336
415 416 8 1 9.4719
417 418 2 9 238647.8764
417 419 5 3 32.394
418 422 2 2 5.7873
419 420 7 3 46.7672
419 421 5 5 710.1392
420 426 3 2 7.5653
421 427 6 10 27356295.9744
421 512 2 5 219.9616
422 522 3 4 68.6325
423 424 6 5 631.8743
423 426 3 7 8066.8571
423 427 2 4 51.4257
424 425 4 6 2731.3867
424 510 1 10 979522.7752
425 459 8 8 260801.2837
426 427 7 10 13217505.3107
428 429 9 2 19.3082
428 430 1 3 7.8203
429 442 4 6 2443.2867
430 441 10 10 33140727.2445
432 433 3 8 44062.3189
432 434 7 2 14.9446
432 524 3 2 7.8943
433 434 6 8 270632.9084
433 441 7 10 15445255.4408
434 442 8 3 49.2848
435 436 9 1 10.4533
435 437 1 1 2.5784
436 440 2 5 290.7903
438 439 3 9 3030261.6926
439 440 6 3 38.4479
442 522 2 8 44998.0206
443 444 8 10 22927954.4893
443 456 7 4 158.3794
444 455 1 9 376985.904
445 447 5 1 6.6225
446 447 8 9 8495529.4037
446 453 2 10 932150.9083
446 463 7 8 278581.6581
448 449 7 3 45.2286
448 451 4 8 93907.4874
449 498 6 4 165.8256
450 451 9 3 55.971
450 455 5 5 594.2282
452 453 3 3 19.4096
452 484 6 4 130.2428
452 485 2 6 1119.9351
453 484 8 5 865.7674
456 457 10 8 436885.5613
457 458 1 1 2.5871
458 459 2 1 3.5179
458 497 10 9 2698205.7212
459 511 6 8 159222.8654
459 492 1 5 121.8569
460 461 4 5 586.3794
460 464 5 3 28.6993
461 462 5 9 3683214.3579
461 469 4 6 2610.8368
462 469 4 2 9.8152
462 479 3 5 366.941
463 464 7 5 658.1715
463 470 9 5 1020.8114
464 470 5 2 11.6184
465 466 8 6 6183.812
465 472 8 1 9.3797
465 496 2 1 3.5121
465 499 10 8 282369.4074
465 500 4 6 3598.91
466 467 7 10 9441242.7982
466 473 1 4 22.5819
467 468 5 3 30.677
467 473 4 10 4802244.1489
468 469 2 9 361509.9751
468 474 9 1 10.6435
470 471 3 5 327.0725
471 472 9 9 2604140.4233
473 474 2 7 13318.3875
473 480 4 2 9.5813
473 501 8 9 1889716.898
473 503 7 10 32337615.253
474 479 7 4 155.6146
475 476 1 4 24.231
475 1003 7 5 669.5781
476 478 1 3 7.5557
477 478 8 1 9.4715
477 479 10 8 397429.4694
477 481 5 2 11.6671
478 1013 10 5 1027.2244
480 481 5 3 30.103
480 506 4 3 25.2306
481 507 8 4 181.7397
482 483 2 8 60857.166
482 484 1 9 346225.8199
482 493 5 9 2822365.2497
483 485 4 7 19709.164
483 495 7 8 194447.4598
484 494 5 4 116.6782
486 487 4 4 96.9933
486 488 7 1 8.7604
486 537 5 4 123.1405
487 492 8 4 203.9365
487 514 4 3 26.3967
487 544 3 4 74.4836
488 489 8 2 17.5754
488 496 10 3 63.8195
488 519 7 5 735.6544
489 490 7 8 318453.2846
489 495 6 9 1083148.7292
490 491 6 6 3297.0829
490 498 8 2 17.9468
491 492 2 1 3.553
491 497 2 10 749770.0566
493 494 2 3 13.0536
493 495 8 5 898.3384
493 496 7 9 856210.3771
494 499 2 7 10165.3221
496 518 8 6 4910.5388
500 501 1 7 7956.3112
500 518 8 4 228.8245
501 502 5 9 883391.2411
501 541 4 6 2473.0437
502 503 2 3 14.2893
502 538 10 5 1071.4367
503 505 1 9 398483.7079
504 505 7 8 115521.6733
504 506 1 9 111767.1741
504 508 6 4 144.6625
505 540 8 8 231965.2786
506 507 6 10 16477190.4817
507 509 7 7 24110.0772
507 1013 9 2 20.2371
508 509 4 5 514.219
510 511 1 10 1684032.3105
510 513 1 10 914253.1402
511 515 6 10 7506233.7577
512 513 9 8 182021.7721
512 520 4 8 140715.8869
513 517 8 7 53554.9236
514 515 7 3 41.9334
514 527 9 4 197.5125
514 532 5 9 835570.8019
515 516 5 10 12221456.4401
516 517 8 2 17.7581
516 526 3 4 87.0559
516 527 2 4 52.1172
517 523 1 5 125.5611
518 519 7 5 803.3776
518 541 7 7 30944.1613
519 536 2 10 2746880.1681
519 543 6 7 19054.9704
520 521 4 8 127245.2094
520 523 3 6 2481.0133
521 522 2 1 3.5344
521 525 7 1 8.4844
523 525 3 4 72.2027
524 525 5 10 14491710.1864
524 526 6 1 7.542
524 533 2 6 995.485
526 527 3 8 86499.6351
526 528 6 1 7.5307
527 531 7 7 32164.7311
528 529 5 10 22491043.8247
528 533 10 8 328440.0906
529 530 2 1 3.5636
530 531 5 3 32.2775
530 545 9 2 18.8768
531 532 7 3 45.4224
531 547 2 3 13.7301
532 544 7 8 213484.0687
532 547 3 4 69.1511
534 535 7 6 5321.688
534 537 4 9 727701.9074
534 546 1 2 3.6263
535 536 10 5 1153.658
535 551 3 2 7.6765
536 548 10 2 21.5679
537 544 8 4 185.8302
538 539 5 2 11.8136
538 541 4 4 109.4406
539 540 7 1 8.4902
539 542 1 3 7.3357
541 542 5 4 121.0762
542 543 4 9 1179796.3685
543 548 9 4 259.134
543 556 10 3 58.329
545 546 10 5 1061.3094
545 547 1 7 3012.5311
548 550 7 3 46.7415
548 554 6 6 3789.0736
549 550 1 10 1715751.8767
549 551 6 7 18920.4279
550 552 6 1 7.5519
552 553 5 1 6.4646
553 554 1 10 3907395.4025
554 555 6 5 924.0681
555 556 2 3 13.6406
557 558 1 6 662.8665
557 559 6 5 877.8908
558 562 5 8 218473.3679
558 563 4 9 540285.3452
560 561 2 3 13.8052
561 562 3 6 1674.9675
562 591 8 10 38165053.3718
563 564 1 3 7.8343
563 572 7 10 10524899.9197
563 578 4 10 4605566.037
564 565 9 3 53.4576
564 575 3 8 64581.946
565 566 9 10 10942495.061
566 567 1 10 1393229.4544
568 569 5 6 2554.8577
568 571 5 10 8433662.9216
568 626 10 1 11.392
569 570 8 10 10820080.1363
569 596 6 10 11414669.2171
569 654 7 5 867.1633
570 571 5 3 33.0826
570 595 2 3 13.3183
571 619 8 4 179.832
572 573 10 9 2567048.553
573 574 5 5 548.7762
574 866 8 7 26021.4805
575 576 8 2 16.7725
575 577 6 7 47319.9529
578 581 6 10 81419729.7335
579 580 8 1 9.5718
579 732 6 6 3370.3643
580 767 5 9 569336.063
581 625 3 5 413.1629
582 583 2 9 586276.3606
582 862 2 1 3.5314
583 584 5 4 114.1111
583 933 9 2 19.589
584 585 3 8 229358.6169
585 586 7 1 8.526
586 587 6 6 4957.1871
587 588 8 2 17.4493
588 589 4 10 8241043.321
589 590 5 3 31.3247
591 614 9 4 201.9223
592 593 3 7 12486.4653
593 594 8 4 185.9128
593 600 4 2 9.161
594 614 5 7 21202.2861
595 617 6 2 13.3506
596 729 8 2 17.5353
597 598 6 2 13.6696
597 614 3 10 6113808.5939
598 624 1 6 767.5588
599 600 5 6 2543.0716
600 602 7 1 8.5342
600 603 6 7 38074.8794
601 602 3 5 334.651
601 614 3 1 4.5837
602 606 7 7 54235.6217
602 616 10 1 11.4183
603 606 7 9 1227403.258
604 605 4 9 1151750.5603
604 613 1 4 28.8072
605 606 4 3 26.372
605 620 4 9 583487.2218
605 622 10 5 1068.5941
606 615 1 10 2769837.5473
607 608 9 4 215.7137
607 609 8 1 9.6424
607 610 10 4 231.293
607 621 6 5 823.3712
608 612 7 3 47.893
608 630 1 4 27.8603
608 631 9 2 19.505
610 611 1 10 3039305.1756
610 613 9 10 13844204.6837
613 621 3 2 7.538
615 620 10 2 20.7217
616 619 10 3 60.0325
617 618 9 6 7331.3194
617 729 5 2 11.5469
618 624 9 10 12907565.4077
618 733 10 3 63.9959
620 623 10 5 1465.9028
621 622 6 5 665.5095
622 623 9 5 952.4972
622 631 4 7 10483.9166
623 647 7 2 15.3404
623 648 4 9 492575.5601
624 625 6 9 1444599.3289
624 732 3 2 7.2716
626 653 5 4 108.3124
626 654 10 4 234.1754
627 628 5 1 6.5791
628 629 7 6 7209.2286
629 635 7 9 1246904.8223
630 632 6 8 166369.2987
630 634 2 3 14.2666
631 632 9 9 1542107.3559
631 647 1 2 3.5943
632 636 7 6 4875.2361
632 650 1 10 3182706.1215
633 644 5 10 3485949.4656
634 635 10 7 111933.409
634 636 4 10 6793210.5078
635 638 9 4 197.7816
635 640 6 4 153.3181
636 640 10 4 246.4621
636 643 5 2 11.5745
637 638 2 1 3.5256
638 639 1 7 5258.1713
638 644 3 5 327.6879
639 640 2 5 193.6863
639 642 7 1 8.7465
639 645 9 6 5785.1652
640 641 1 9 277702.5524
641 642 4 1 5.4389
641 643 7 8 173643.0484
641 661 9 4 212.5741
642 646 4 7 17336.6499
642 662 10 4 216.9917
643 650 7 2 15.4782
643 660 5 7 21641.1367
644 645 2 10 2695594.7882
644 674 9 7 52712.7438
645 646 6 8 97709.0967
645 676 10 3 62.9249
646 677 8 10 11228079.7404
646 692 3 9 571985.0116
647 649 7 9 2113390.2397
647 650 8 4 195.2986
648 649 2 9 1792014.2877
648 652 7 8 320411.7124
649 651 6 6 3806.207
649 656 3 1 4.5419
650 651 2 9 1735321.1412
651 657 9 9 2673389.9324
651 660 2 8 36889.7792
652 653 4 5 441.0275
652 656 10 2 20.8813
653 655 6 7 21216.7924
653 658 6 2 13.5684
654 655 9 4 209.3632
654 727 5 6 3007.3109
655 668 1 3 8.4568
655 730 7 4 149.2296
656 657 10 2 21.8802
656 658 7 3 42.7698
657 659 5 1 6.5149
657 663 3 2 7.5626
658 659 3 4 69.0685
658 668 10 6 9284.4323
659 665 2 2 5.6536
659 667 1 4 24.1352
660 661 3 4 69.7338
660 663 4 3 25.2038
661 662 10 10 22884347.5933
661 669 8 7 28253.3277
662 670 7 9 1118817.9375
662 692 2 2 5.7033
663 664 4 7 19103.0888
663 669 10 10 21127019.3082
664 665 3 8 96919.36
664 671 8 1 9.4986
665 666 9 8 260796.7238
665 672 5 10 10486997.4906
666 667 4 10 8210371.6337
666 743 2 2 5.586
666 702 4 5 616.4917
667 668 10 7 42126.8313
667 742 9 7 71368.4225
668 731 3 10 5389946.7983
669 670 7 3 43.4815
669 671 5 3 28.8934
670 694 7 10 4144538.494
670 698 4 10 7296216.4488
671 672 1 10 1002233.0352
672 698 3 6 2171.5716
672 702 2 4 46.6512
673 674 9 2 19.8579
674 675 2 9 1259163.5722
674 676 5 2 11.2914
675 679 5 9 512897.6623
676 677 5 9 2795515.5599
676 679 2 1 3.559
677 680 7 3 44.4459
677 693 8 10 29564874.0831
678 681 10 2 21.3988
678 683 1 6 502.2307
679 680 2 4 53.591
679 681 3 1 4.5939
680 682 7 4 159.224
680 695 2 6 1079.7937
681 682 9 1 10.5208
682 683 5 3 29.6622
682 705 5 2 11.8017
683 690 7 8 152511.9869
683 706 1 5 131.8628
686 687 9 10 24239450.7556
687 688 2 4 54.3522
687 938 4 8 128092.9866
688 689 10 9 2250656.3376
688 708 7 8 559349.699
689 691 9 3 51.179
690 691 5 2 11.5705
690 706 9 6 7451.8868
692 693 7 10 38540696.7659
692 694 1 2 3.6724
693 695 7 3 40.3552
693 696 8 3 49.3136
694 696 9 10 11512664.8278
694 699 5 9 831283.8381
695 697 1 5 124.2514
695 705 5 1 6.5609
696 697 1 2 3.6851
696 703 7 2 15.3819
697 707 8 2 17.9115
697 713 9 9 2543853.1533
698 699 2 5 236.118
698 700 2 3 13.9711
699 701 2 10 3037583.5202
699 703 1 10 1830557.4871
700 701 5 3 32.6201
700 702 9 10 20064484.1937
700 791 3 6 1677.5685
701 704 2 2 5.7443
701 722 3 6 1669.0131
702 744 7 3 45.861
703 704 7 3 42.1748
703 713 3 8 212962.875
703 714 4 10 3631745.0841
704 715 7 4 170.7672
704 718 6 9 1593923.6719
705 706 1 3 8.2219
705 707 2 10 11008624.1652
706 711 3 8 84176.395
707 712 9 8 401485.7542
708 709 9 4 194.1822
708 944 9 7 47139.8447
709 710 4 10 10024653.2379
709 941 9 6 4647.4899
710 711 5 10 8697969.2511
710 723 4 6 2479.6851
711 712 10 6 6855.004
711 725 1 8 34955.5983
712 713 1 10 1386769.5954
712 726 6 9 671231.5172
713 714 9 6 9933.3684
714 715 4 6 3603.8568
714 726 8 5 857.3182
715 719 6 8 195690.6224
716 717 3 5 322.3882
716 720 6 3 36.901
716 724 1 8 24478.7828
716 971 1 8 46957.8863
717 718 9 1 10.4043
717 804 2 3 13.2706
717 973 7 10 9115013.0174
718 721 9 3 55.3384
719 720 4 5 421.455
719 726 10 9 1384572.6074
720 725 7 4 177.4561
721 722 8 7 59761.5401
721 802 1 4 28.5541
721 804 3 8 56978.4597
722 791 6 3 36.9976
722 794 10 2 21.4955
723 724 4 1 5.4615
723 956 8 10 19847387.9539
724 725 7 8 428966.4128
724 970 1 8 32845.0381
725 726 4 7 21921.6287
727 728 3 8 46693.6003
728 729 9 4 217.634
728 735 6 1 7.5865
728 738 2 5 267.7446
729 734 3 3 19.6459
730 735 2 4 43.6006
731 740 6 10 7402454.484
733 734 7 5 732.2567
734 736 3 6 1358.3802
734 757 7 2 15.3934
735 740 3 3 19.1277
735 739 3 6 2133.6971
736 737 2 4 44.5616
736 738 3 10 6408932.4984
736 752 3 5 290.6666
737 739 7 2 15.7713
740 741 10 4 276.1518
740 746 1 9 257677.6848
741 742 9 6 5979.4425
741 745 5 5 787.3084
741 753 1 7 3680.4522
742 743 1 1 2.5718
743 744 2 3 13.9213
743 745 4 3 25.6585
744 791 2 5 237.9291
744 792 6 10 6450622.8474
745 754 10 8 540728.6693
745 792 3 9 495004.9193
747 748 2 10 3143445.6039
747 749 7 10 9542728.783
747 751 4 2 9.5664
747 774 8 2 17.1523
748 750 5 4 118.6371
748 756 4 10 2160949.2724
748 775 2 2 5.5022
751 752 2 6 1027.2959
751 757 7 8 341662.6131
751 770 6 3 37.4977
753 754 3 6 1525.7993
753 755 2 8 40751.0386
753 756 8 5 932.7111
754 795 4 5 435.2
754 796 1 6 868.9657
756 777 2 10 1499034.9167
756 796 9 1 10.4526
757 762 10 2 22.3057
758 759 3 9 1062219.3844
758 769 3 5 645.7083
759 760 1 9 124511.1291
760 761 1 7 7369.6483
761 762 2 5 258.7963
762 763 4 5 587.2097
763 771 7 5 741.6472
764 765 10 6 14229.5943
764 766 3 5 371.3363
764 863 3 9 1758159.3239
764 886 3 8 135624.9137
765 879 10 4 238.3586
766 864 5 2 11.4114
767 768 7 3 45.3821
768 772 7 7 23349.0148
770 771 2 2 5.6674
770 774 10 4 246.1701
771 776 1 1 2.5718
772 773 5 10 20332914.512
773 865 5 10 9631380.0196
774 775 7 10 16089451.5696
774 776 6 1 7.464
775 777 9 10 28845680.0
775 778 8 1 9.5061
776 778 8 5 1001.7094
776 786 1 2 3.7309
777 779 8 8 789669.3009
777 819 8 4 182.4823
778 779 7 2 15.1396
778 785 8 10 13686818.5949
779 823 1 6 828.1765
779 826 6 9 3412695.7346
780 781 3 10 5018418.2983
780 784 10 3 58.5867
780 867 8 5 916.9787
781 782 10 9 2184783.5189
781 788 3 3 20.3015
783 784 9 9 1174175.1914
784 787 5 4 117.262
784 786 3 10 5056018.7271
785 786 8 8 256589.6023
785 787 4 9 1023379.0833
785 826 1 5 101.0852
787 828 3 6 1423.5272
788 789 4 4 95.6159
788 867 10 9 1047710.8092
788 842 8 6 4950.3229
789 790 9 1 10.5828
789 868 7 3 41.8593
789 841 1 9 548364.3717
791 793 10 4 233.0385
792 793 8 10 138326536.8915
792 795 3 5 312.7391
793 794 7 5 733.4699
793 798 6 1 7.4383
794 801 2 9 442859.3837
794 802 7 10 99833431.7052
795 797 8 4 190.2367
795 798 3 3 19.0144
796 797 1 10 937602.0539
796 819 10 5 1344.3637
797 803 5 10 15313838.9888
797 811 7 6 4404.2168
798 803 7 1 8.6035
798 807 2 10 3257125.8372
799 800 3 10 3595602.9866
799 807 2 10 3892300.2171
800 802 1 9 170658.7353
800 806 3 6 2071.1628
800 814 5 6 3306.7196
802 805 6 4 137.9848
803 808 3 9 556965.6671
803 809 9 5 993.1331
804 805 5 1 6.6093
805 806 1 10 1447328.9471
806 813 2 3 13.3719
807 808 6 1 7.5039
808 810 2 5 205.8843
808 815 3 8 201973.0888
809 810 1 6 698.461
809 811 4 8 184569.1142
809 825 7 5 765.4968
810 817 9 1 10.5865
810 830 7 4 157.0739
811 819 9 4 212.7985
811 820 3 2 7.4422
812 813 8 9 1889073.1936
812 814 7 9 2931172.0068
812 818 2 2 5.6551
814 815 10 3 57.5248
815 816 8 3 52.6984
816 817 9 8 259079.3554
816 818 1 1 2.5644
817 832 8 10 16464090.9744
819 824 4 10 8794276.2177
820 821 8 7 29365.7061
820 824 3 8 69083.0494
820 825 8 10 11107861.3009
821 822 10 2 21.4642
821 831 3 8 96524.6855
822 823 9 5 936.0395
822 826 1 10 1542588.3074
822 829 2 8 43249.8577
825 830 4 4 95.2756
825 831 6 8 244043.8358
826 827 4 4 101.7562
827 828 9 8 339325.0708
827 829 4 7 17704.2698
828 829 10 5 1131.3136
829 867 4 4 100.2851
829 844 4 1 5.5503
830 832 10 10 18691424.3516
830 835 8 6 5712.9911
832 833 7 2 15.3883
833 834 9 6 6718.6362
834 835 10 9 1590221.8939
835 836 9 4 232.0477
835 838 6 5 585.7439
836 837 10 1 11.4654
836 843 9 10 7814053.3611
837 838 10 6 5104.6362
837 839 2 5 255.9068
837 844 3 9 863196.5449
839 840 1 7 4675.7376
839 842 9 9 1412480.6602
839 843 7 10 7129982.0718
840 841 7 2 15.6314
840 874 8 9 1270002.4519
841 842 7 3 43.0257
841 873 2 1 3.5466
842 844 4 5 471.6087
845 846 5 3 30.6487
845 908 10 8 217354.168
846 847 9 4 212.2173
846 918 9 3 52.2736
847 913 7 7 50145.0532
848 849 2 2 5.7034
848 854 10 2 21.893
848 929 2 6 1299.2488
849 850 9 9 2320601.1174
849 860 5 8 272411.1847
850 851 9 1 10.6103
851 852 1 4 25.596
852 853 9 1 10.4758
853 854 4 8 132895.0616
855 856 2 3 13.4342
855 857 9 1 10.6322
857 858 10 9 2153878.1309
858 859 8 1 9.6015
859 860 7 10 20468518.5543
861 862 2 3 13.2859
861 929 8 3 48.8789
865 905 7 2 15.8869
868 869 9 3 54.4604
868 873 10 8 433164.286
869 870 10 1 11.4637
869 872 3 5 527.9038
869 875 5 9 705891.7061
871 872 2 9 719997.1574
872 877 9 6 7320.1213
872 894 1 4 25.5375
873 874 6 2 13.3753
873 875 4 8 77688.0551
874 876 4 3 25.5501
875 876 5 1 6.4666
875 877 9 3 55.8994
877 895 4 9 799959.6817
878 879 6 10 19941702.7721
878 880 8 3 51.8178
878 891 8 4 203.93
878 894 2 4 51.5999
879 882 3 2 7.4948
880 881 3 5 352.3001
880 899 9 6 5897.2181
882 883 2 2 5.6696
883 884 1 3 7.6476
883 901 4 9 1393908.9631
884 885 8 1 9.6222
884 900 1 10 1464289.2956
886 887 5 6 2615.8885
887 911 5 6 2793.1635
888 889 10 10 8139366.0808
888 898 6 7 29108.583
889 890 4 6 3951.5945
890 891 6 7 26139.7852
891 892 4 1 5.5085
892 893 3 5 458.1957
892 894 7 8 430730.5762
894 899 9 8 204861.411
895 896 6 2 13.3538
896 897 8 2 17.417
897 898 7 2 15.9149
900 903 4 10 4151523.2011
902 903 2 9 427043.0858
903 904 5 10 9450797.2595
903 915 4 10 16800049.8675
904 911 5 3 31.199
905 906 8 7 35524.5726
906 907 7 1 8.4311
907 910 1 6 590.7034
908 909 8 8 244237.2034
908 918 4 3 27.0595
909 929 4 6 2217.3594
910 929 1 8 40396.538
911 912 9 7 81601.1114
912 913 3 9 492165.2589
912 919 8 6 8264.2256
913 916 9 10 9535972.5951
914 915 5 9 729747.211
915 919 7 10 6481355.6889
915 920 5 10 9365863.0168
916 920 5 8 106149.1736
917 918 6 5 733.8599
917 922 3 3 20.2445
918 928 5 9 1414314.8411
920 921 3 3 19.497
922 923 7 6 6700.1701
923 924 4 5 415.8286
923 925 6 4 134.9909
925 926 1 5 129.1412
927 928 9 10 11396321.1056
927 930 5 2 11.5947
931 932 3 9 590648.3388
932 933 10 2 20.7202
933 934 8 9 3822700.9572
934 935 3 5 341.1817
936 945 10 9 1190707.5212
937 948 1 4 29.9615
939 940 4 8 110959.2132
939 949 7 3 42.6671
940 941 5 6 3037.632
940 957 3 6 2313.5127
941 942 5 8 103277.9278
942 944 7 2 15.5649
943 944 6 7 32610.7076
943 948 7 6 4561.1525
944 949 7 4 161.0071
945 946 7 9 914362.2261
946 947 4 6 2599.0519
946 951 5 4 123.3632
946 952 6 6 3759.9398
947 948 6 7 42197.9767
947 949 6 10 11198443.4916
947 953 5 10 5659576.1981
950 951 2 2 5.6206
951 963 10 1 11.5506
951 964 2 6 1279.3552
952 957 7 3 42.6613
954 955 10 10 135392389.8926
954 956 5 1 6.5795
954 974 8 1 9.447
955 978 4 7 16536.8517
956 970 2 9 1783097.8165
957 958 2 10 5934832.1119
958 964 5 10 9422910.8816
959 960 4 8 159970.1857
960 961 9 8 291880.3847
961 999 4 6 6173.3405
962 963 6 7 44446.3379
963 965 9 1 10.4424
963 969 8 9 3088190.3728
964 965 8 3 49.4052
964 979 8 10 78989657.7629
965 980 3 6 3325.387
966 967 3 9 1712632.2291
967 968 1 2 3.689
967 1002 2 6 1493.508
968 969 2 2 5.548
968 1006 4 3 26.8233
969 980 1 6 840.4137
970 971 5 2 11.5926
970 974 9 4 225.9448
971 972 9 2 19.0305
972 973 9 6 6324.0303
972 976 7 2 15.4485
972 990 5 9 1472909.6276
973 994 8 8 194713.0627
974 975 8 8 268535.2086
974 976 6 6 4734.5516
975 985 1 6 572.047
976 977 5 9 5053213.7566
978 979 6 5 710.264
978 983 8 9 1570644.462
979 981 3 5 367.99
980 981 9 6 5791.8347
981 982 6 5 581.6887
981 1007 5 10 6465900.9306
982 983 5 7 25247.6074
982 991 9 8 266574.3212
982 1035 2 5 235.3883
983 984 8 1 9.5024
984 985 6 9 7595231.3138
984 991 10 8 337353.1411
985 986 5 6 4495.8075
986 987 7 2 15.7333
986 993 5 10 23232778.054
987 988 2 2 5.7737
987 995 9 5 912.1463
987 997 7 8 298869.4187
988 989 2 4 50.402
988 990 5 7 21003.7561
990 994 1 10 629355.7056
991 992 4 6 3029.6476
992 993 3 5 315.3478
992 1036 9 5 889.9495
993 996 1 1 2.5773
993 1041 4 10 9190906.1332
994 995 1 3 7.6457
995 998 9 4 213.8808
996 997 2 10 5005515.3541
996 1047 1 10 1413544.5706
997 998 6 4 131.8001
997 1048 5 6 5427.3128
998 1051 2 9 285181.6583
999 1000 4 1 5.5432
999 1005 4 7 15977.3113
1000 1001 5 7 25695.3632
1000 1009 2 3 14.1759
1000 1010 1 10 1408727.4331
1001 1002 6 10 7281555.0574
1001 1006 9 8 438285.4992
1003 1004 9 2 19.3708
1003 1014 5 7 18988.598
1004 1005 10 4 219.0069
1004 1012 6 7 21688.1221
1005 1011 3 8 49377.4325
1006 1007 6 2 13.5637
1007 1008 3 7 18282.7401
1007 1020 6 7 29647.6061
1008 1009 8 1 9.5024
1008 1021 9 10 22184220.947
1009 1015 1 8 20914.9016
1009 1018 2 4 53.343
1010 1011 10 7 32390.3168
1010 1015 9 7 42876.519
1011 1012 5 6 2638.0203
1011 1023 8 9 4383799.2742
1012 1014 9 3 57.4811
1013 1014 4 1 5.5435
1013 1028 7 8 158704.1677
1015 1017 3 1 4.4789
1016 1017 5 10 11946070.8935
1016 1018 10 3 57.7533
1017 1022 8 3 51.2621
1018 1019 5 10 5836104.7778
1019 1020 6 8 159247.4245
1019 1039 10 9 15604311.7119
1020 1035 4 10 10501357.2187
1020 1042 1 8 50972.4763
1022 1023 7 1 8.5905
1022 1033 4 2 9.7546
1023 1027 1 3 7.8614
1024 1025 3 4 71.7335
1024 1026 3 4 70.5986
1024 1027 4 2 9.7598
1025 1028 10 2 21.6101
1027 1030 4 7 12143.34
1028 1029 2 5 180.0874
1030 1031 2 8 75851.1146
1031 1032 4 4 95.24
1032 1033 7 4 157.7125
1033 1034 8 4 182.2284
1035 1037 9 8 287969.1363
1036 1037 9 7 50488.9663
1036 1038 9 4 208.2372
1037 1038 1 4 25.5073
1038 1042 6 4 136.4017
1039 1040 10 9 1790151.6142
1039 1043 9 4 200.0317
1040 1041 6 3 36.8357
1040 1044 2 8 146790.0075
1041 1042 5 6 2512.8854
1041 1046 9 3 57.3312
1044 1045 5 7 16429.9256
1045 1046 2 9 642390.1093
1046 1047 6 3 37.3606
1046 1052 2 6 1229.2401
1047 1048 4 6 2635.5613
1048 1052 3 10 4949453.5789
1049 1050 4 4 106.0444
1049 1051 9 9 3000833.4331
1050 1053 1 6 879.765
1052 1053 2 4 46.0241
1052 1054 1 2 3.6248
1054 1055 2 4 52.9929
