1 2 4 1 5.4924
1 47 7 3 42.5054
2 31 2 2 5.6384
2 35 7 9 3142232.4302
2 406 4 3 25.7259
3 4 1 8 26838.6177
3 5 1 10 836606.615
3 26 9 10 71485356.4027
5 57 4 7 24957.7945
15 16 8 4 199.1603
15 36 1 5 116.3085
16 25 8 5 1008.9633
17 18 9 6 6592.9466
17 36 9 2 20.2109
18 33 2 3 13.3177
19 20 1 10 848686.3934
19 21 10 10 28018600.2244
20 142 4 1 5.4816
20 148 7 4 175.4041
21 22 6 5 686.7262
22 23 10 2 21.2093
23 24 6 10 7003215.4855
24 25 8 6 5707.1014
24 28 4 3 24.9661
26 27 9 3 57.6503
27 29 10 2 21.5092
27 30 2 8 65301.9004
28 29 10 3 58.8748
31 33 1 8 21676.5335
32 33 5 6 3941.2446
32 34 7 6 3259.6438
32 69 4 4 95.1003
34 35 10 5 1115.6328
34 73 10 9 1680054.0324
36 37 2 8 52128.6617
36 75 6 1 7.5378
37 52 6 10 12233791.0935
37 43 2 3 13.318
46 47 7 9 4212342.7969
47 448 9 7 42089.7995
52 67 2 2 5.5797
53 54 8 3 49.8765
53 59 7 7 31600.9169
53 418 1 3 7.4003
54 163 7 6 3869.7388
55 56 4 1 5.4318
55 59 1 7 5442.3029
56 57 9 3 56.0998
56 66 8 2 18.0482
58 59 5 10 15070198.9454
58 60 10 5 968.6114
58 199 10 5 1781.0501
58 458 8 8 292987.6955
60 63 8 10 5525592.164
63 225 8 4 166.5535
64 65 1 1 2.5922
64 66 5 9 1165687.713
65 67 1 8 35228.6107
69 70 4 8 123378.0574
70 71 5 10 23578946.3582
71 101 3 4 88.0738
72 73 7 10 18221754.9516
72 101 5 10 48064497.1134
73 76 8 4 185.8146
73 77 4 7 18650.5976
96 97 1 8 40501.1711
96 111 7 1 8.5039
97 101 10 6 7781.2761
98 99 7 8 267475.631
98 100 2 2 5.6304
99 138 7 8 133206.9935
100 116 5 7 14481.1363
105 106 1 2 3.7004
105 111 4 5 512.0521
106 107 5 2 11.8376
107 108 9 4 210.6153
111 114 10 1 11.7141
113 114 10 3 65.7117
113 116 5 7 16385.5348
115 116 10 4 227.7901
115 409 6 7 27876.6876
118 119 5 1 6.6014
119 138 10 2 21.7136
120 121 6 1 7.5093
120 122 7 10 8973148.1447
120 304 1 9 294914.8178
121 296 7 5 714.7185
122 123 3 2 7.8155
122 124 5 7 24521.0526
124 125 7 6 6639.6745
134 135 2 7 13489.2924
134 332 7 6 3461.38
135 136 3 6 2458.9049
135 137 8 7 28012.9577
137 139 10 6 9165.5286
139 140 9 9 1766212.967
139 141 4 3 23.9241
139 399 6 3 41.1061
141 400 7 6 9370.3697
154 155 10 7 31018.2622
154 156 1 4 22.7919
154 172 7 3 46.5433
155 168 6 10 4458179.2822
156 157 7 7 29394.2622
156 171 9 9 1796932.861
157 158 6 5 603.3248
158 159 9 1 10.4761
158 177 5 3 31.4133
159 160 10 5 1180.1284
159 161 9 2 19.6654
159 196 2 3 13.4685
161 162 9 6 6078.4876
161 197 10 4 198.392
163 164 4 1 5.4947
164 165 10 4 198.9274
165 166 3 6 1933.946
165 104 2 6 946.2858
166 167 6 5 754.4963
167 168 8 7 27140.7527
169 170 1 6 730.3653
169 171 3 7 16309.6602
169 174 4 6 2610.0611
170 172 5 2 11.8165
170 173 4 8 125564.6774
170 419 9 8 196609.8162
171 178 2 3 13.0771
173 174 7 9 1485828.3573
174 179 2 9 525511.0962
175 176 7 7 24856.8229
176 214 8 2 17.6234
177 178 2 9 237666.0814
177 191 6 7 18021.0198
178 421 10 7 40582.6963
179 192 7 9 1348973.3907
180 181 1 3 7.8947
180 208 9 5 874.5306
181 192 3 4 69.1221
182 183 4 9 918117.0786
182 184 7 3 43.5544
184 185 9 8 275468.3542
184 208 8 6 3606.5034
185 186 10 3 59.0464
185 207 7 4 166.0634
186 187 8 5 830.7131
186 230 3 4 62.3227
187 188 8 1 9.446
187 193 9 2 19.6544
188 189 3 3 18.735
188 191 9 3 58.224
189 190 8 6 5921.1641
189 191 1 1 2.5871
193 194 1 8 45685.6858
193 217 10 5 1013.4708
194 195 6 7 46131.5767
194 217 7 9 1139477.9171
195 196 9 8 431970.7154
195 216 1 1 2.5806
196 197 8 2 17.3291
196 476 8 9 1693631.7933
197 216 7 7 81861.7783
198 199 1 6 434.0741
198 221 3 3 20.4922
199 200 3 6 2683.6271
200 10 2 5 285.5948
201 202 7 7 57729.6666
201 203 5 9 622710.629
201 351 3 1 4.535
202 213 9 8 405199.7684
203 204 9 8 180160.2226
203 205 2 8 169363.8773
205 206 8 6 3775.44
205 231 10 5 1366.9341
205 360 2 5 338.2852
206 207 5 3 33.6443
206 232 8 3 47.4915
207 233 9 10 50886360.8658
208 209 5 5 470.0611
210 211 4 9 651883.3414
210 212 7 2 15.388
211 215 6 2 13.7346
212 213 10 7 74972.1562
212 342 5 9 1128865.5566
213 340 9 1 10.4761
214 215 10 8 455195.1387
216 219 5 8 120515.1857
217 218 2 6 1067.8058
218 222 7 9 766646.2608
219 220 6 9 1504867.9111
220 221 2 3 13.9547
220 222 3 1 4.5244
222 226 10 8 455719.0633
223 224 8 2 17.4671
223 225 10 1 11.5153
223 7 5 3 32.0103
224 229 10 4 246.7805
227 228 4 4 91.5083
227 229 4 4 99.4868
227 272 3 9 1308182.706
228 230 8 7 33671.7304
229 401 6 3 37.076
231 281 7 7 41921.3625
232 265 5 6 5054.9037
233 264 6 6 3945.8504
233 150 1 10 1840061.5735
234 235 5 5 670.9339
234 278 8 8 338806.7333
236 237 3 3 18.9729
236 280 5 4 125.4975
237 238 3 9 1215238.2889
237 239 5 5 561.3885
239 240 7 5 703.7635
240 241 8 2 17.2381
241 243 6 5 695.1167
241 442 1 4 25.0747
242 243 1 10 2302764.7317
242 244 3 6 2799.3032
242 314 3 2 7.561
242 80 2 4 49.9274
243 293 10 9 2731294.8875
244 247 8 9 4377419.1689
245 246 8 5 1088.3989
245 247 8 9 2942800.2387
247 248 10 2 21.9665
248 249 7 2 15.3602
249 250 10 2 21.7238
249 312 1 8 54485.9495
250 251 7 4 169.5651
250 321 6 9 670882.3993
251 252 4 9 1528642.5547
252 253 3 5 256.9811
252 327 10 4 254.4518
252 301 3 3 21.3233
253 254 2 2 5.5553
253 277 6 5 699.2904
253 266 7 4 161.9881
254 255 10 4 230.8054
254 256 5 8 95597.3716
256 257 3 8 101494.7215
257 258 9 9 854697.9251
257 259 2 5 206.9474
260 261 1 2 3.6787
260 262 2 5 198.5428
260 263 1 2 3.7377
263 264 7 5 799.1126
263 479 10 4 217.7333
266 267 10 5 1048.661
267 268 10 8 323853.5999
267 299 10 8 417215.1292
268 269 4 3 25.0188
269 270 8 10 14753409.6321
269 294 4 10 13339119.7904
270 271 1 10 1153208.5869
271 295 3 5 368.8923
271 133 8 9 3296608.7133
272 273 8 6 4325.2104
272 274 2 2 5.6891
274 275 1 7 5161.9986
275 276 1 5 118.6107
275 277 10 9 1666673.3502
275 291 1 4 27.2341
278 279 1 6 530.6296
278 282 7 2 15.9278
279 280 7 8 254311.0498
280 287 3 5 383.5645
281 289 2 2 5.6233
282 288 3 3 18.6716
283 284 10 6 5963.6368
283 285 7 2 15.5946
283 305 2 9 519458.1382
284 290 4 5 489.5265
284 365 2 3 13.7325
285 286 9 7 45790.2995
285 306 5 4 116.1896
286 287 7 6 5406.4773
286 306 8 7 44616.514
286 452 9 3 54.9949
287 293 8 6 5662.0422
288 289 9 3 51.9523
289 290 2 1 3.5463
291 292 5 9 2855703.8023
297 298 9 5 1229.1841
297 454 3 8 156453.8955
298 299 10 7 32572.6089
300 301 5 2 11.4526
300 302 8 10 29436365.9478
302 303 1 3 7.7771
302 304 7 6 4027.6534
302 330 6 10 21410896.4001
305 306 6 9 1224709.116
305 308 1 9 409365.2084
306 308 3 2 7.5352
307 308 8 2 17.1259
307 309 1 7 8436.4085
309 310 7 3 48.5187
309 338 3 10 1591673.9952
309 379 9 6 9506.1582
310 311 5 6 3037.8674
310 85 1 1 2.578
311 312 3 3 20.2413
313 314 10 5 1008.6908
315 316 1 10 3843969.5037
315 317 4 1 5.5194
315 499 10 1 11.3718
316 334 6 9 3196941.6171
316 398 8 9 945592.9322
317 318 2 6 2651.5846
317 503 2 5 296.869
318 319 3 6 1787.9083
318 502 8 6 4759.0856
318 510 9 9 2652519.0497
319 320 8 8 206893.7111
320 333 3 9 2776522.7069
321 322 9 5 856.8435
322 323 8 7 39972.1076
322 325 9 6 9232.628
322 333 8 10 24155387.659
323 324 8 3 49.883
325 326 2 9 351235.4505
326 328 1 8 20590.9164
327 328 6 4 124.468
328 329 2 4 51.9515
328 495 3 9 1366564.3498
329 330 6 8 220840.3015
329 331 8 1 9.4557
331 332 7 4 174.177
331 489 8 8 317973.5377
332 481 8 2 17.7826
333 493 4 3 24.5416
334 335 1 10 1321038.9845
336 337 7 9 9275312.9514
336 500 3 5 356.8994
337 338 10 3 64.9711
337 382 3 1 4.5207
338 339 7 8 227365.8924
338 377 4 7 19271.1277
340 341 2 1 3.5262
340 349 4 4 116.733
340 354 3 8 75992.0542
341 343 7 10 12335141.4881
342 343 9 10 6430879.628
344 345 6 5 743.4618
344 346 3 10 9362649.64
344 385 3 10 22225519.6615
346 347 6 10 15734635.4353
347 348 6 3 38.1973
347 387 9 4 205.4098
348 349 3 10 12495422.4292
348 386 6 2 13.7725
350 351 3 8 78509.2145
350 359 6 9 3659514.7217
350 13 7 8 207745.4831
351 352 7 3 41.691
352 353 5 7 19826.4629
352 356 5 10 3181306.4547
353 354 6 7 34114.6314
354 355 7 1 8.5596
355 356 4 8 99285.2006
356 357 3 5 318.9332
358 359 6 7 15428.5935
358 361 10 4 232.3356
358 362 10 8 256560.1799
358 360 1 7 12275.062
358 92 2 6 1727.0772
360 413 3 3 20.6044
361 388 10 4 226.1392
362 367 5 10 14686286.7168
363 364 2 2 5.671
363 365 10 4 219.0361
363 370 7 2 15.4231
364 395 2 2 5.6505
365 366 9 4 191.4558
365 371 3 2 7.2918
366 144 1 2 3.6354
367 368 1 6 900.7884
367 369 7 9 3138804.1101
370 380 5 8 198111.8381
371 372 5 4 121.299
371 373 1 5 105.3714
371 374 6 9 9166843.9681
375 376 3 4 77.8759
375 383 5 1 6.5072
376 384 3 5 323.4568
377 378 5 7 30609.159
377 381 7 3 41.9631
378 384 9 2 19.6312
381 383 1 9 203108.6748
382 496 1 7 4108.5488
383 384 10 3 62.5332
388 389 10 8 203202.9762
388 392 5 6 3400.2203
389 390 4 7 18044.0702
390 391 2 1 3.5477
392 393 9 6 7112.2128
392 394 10 5 1417.7763
395 396 3 2 7.4755
399 411 3 2 7.5165
400 405 2 6 1011.3492
404 405 9 10 46625925.7878
404 412 8 6 4010.1604
405 89 5 2 11.502
408 409 9 1 10.5099
411 412 3 8 90486.5276
411 415 2 10 4707545.3589
411 482 6 10 7400268.3813
412 415 2 4 53.5902
415 427 7 10 7030779.3243
415 487 6 6 4098.4196
427 428 5 6 2708.9085
427 431 3 4 72.9255
427 487 5 3 29.3904
427 424 1 8 91454.1265
428 429 7 3 46.9889
428 432 10 1 11.6339
481 482 8 1 9.4487
482 488 2 1 3.5581
483 484 10 1 11.5774
483 485 10 4 242.9855
484 492 3 6 1633.7419
485 486 2 1 3.5201
486 487 3 7 8750.1918
489 490 5 5 542.6749
490 491 1 1 2.583
490 492 1 5 110.6188
493 508 10 8 575206.4271
494 495 7 10 15150276.7804
494 507 8 4 217.2273
496 497 4 9 735645.7776
496 62 5 3 33.535
497 498 3 8 90329.8796
497 499 4 10 42627571.6471
499 501 8 8 300889.0068
501 447 3 1 4.5275
502 511 8 9 1767353.5858
503 450 8 9 3096559.907
504 505 2 5 171.6797
504 506 6 4 151.3143
505 508 5 5 876.6303
505 509 8 1 9.452
506 507 9 2 19.8686
509 510 6 1 7.4629
509 511 6 8 116508.4604
7 8 1 7 7431.7667
7 6 10 3 59.9298
10 9 8 6 4935.1488
10 11 3 9 579171.3957
13 12 2 4 53.5405
12 14 9 2 19.067
144 38 4 8 109709.497
144 145 7 7 29145.2007
38 39 4 8 130758.9131
89 68 5 9 836722.866
89 88 7 2 15.5786
68 40 7 9 2589375.401
68 102 3 3 20.2922
40 41 1 1 2.5775
40 81 3 3 19.311
102 50 1 10 9555599.268
50 51 4 4 90.6201
41 95 2 8 48417.0929
81 146 9 9 1424598.9624
95 456 8 3 52.1731
95 143 3 3 20.4901
95 146 10 3 60.9871
146 410 5 10 7015566.4989
43 42 3 8 75322.6202
133 130 10 7 41417.9065
128 117 3 5 343.1533
128 132 4 10 3938232.753
117 129 10 10 53055574.1128
117 110 4 7 10718.1853
132 130 5 5 568.3529
129 127 10 4 253.7327
127 44 10 3 60.7904
130 131 1 8 36871.6423
44 45 4 3 26.6292
110 109 2 3 13.8161
110 126 8 10 9566182.8844
109 112 9 3 52.5328
62 49 2 5 395.9262
62 61 5 8 121009.4184
48 49 2 6 1679.8741
75 74 2 3 14.6288
77 78 6 3 38.6593
80 79 10 9 2347159.3726
92 90 2 2 5.6725
82 83 4 5 544.2726
83 91 8 10 5964847.1092
91 90 10 4 251.1342
90 93 3 2 7.5724
93 94 1 9 213311.1863
85 84 6 5 824.2576
84 86 5 9 742229.8284
84 87 5 7 22739.901
86 87 9 9 7881629.2308
104 103 3 7 10348.6074
148 147 3 3 18.3065
147 149 9 6 8314.9517
150 153 9 2 19.1876
150 151 2 7 8885.6681
152 153 6 4 141.4885
398 397 3 7 10226.5818
401 402 6 4 139.508
401 403 9 10 8261006.4801
406 407 1 6 703.8226
416 407 8 2 17.68
413 434 7 6 8277.0704
413 414 10 2 21.2772
433 434 2 5 265.2917
418 417 9 3 55.2631
419 420 8 2 17.2523
419 430 1 4 27.3762
421 422 6 9 780960.9886
421 423 1 1 2.5945
424 425 1 5 134.7118
424 426 4 10 3501265.9246
424 438 8 9 1431296.6623
438 437 7 2 15.563
437 439 9 2 19.1635
454 453 3 6 2953.0169
454 435 3 2 7.5253
453 455 10 7 38904.7537
455 460 6 9 1643468.0193
435 436 3 10 4168681.4686
460 463 5 2 11.8164
463 462 9 9 2220663.9201
461 462 9 6 6892.3554
461 464 5 6 4297.0679
464 466 3 4 71.1236
466 467 3 3 20.7614
452 451 5 2 11.6997
452 440 10 9 2322170.4127
451 459 10 4 235.6382
459 473 10 3 60.8377
440 441 4 7 11383.8341
473 472 8 3 47.7851
442 443 10 4 213.3385
448 444 9 2 19.9719
444 445 9 8 345868.5897
465 445 2 7 14016.6245
465 468 1 4 26.3583
468 469 8 7 33166.2284
469 470 1 1 2.5884
470 471 10 9 1393706.579
447 446 4 1 5.5769
450 449 5 10 47375301.3744
458 457 9 7 29129.3103
476 474 6 6 3018.3307
476 477 4 5 480.7597
474 475 5 5 557.3806
477 478 10 8 307800.9926
479 480 10 9 3255586.3009
