0 4 4 9 951727.5806 0.045454545454545456
0 8 1 1 2.5752 0.0625
0 9 10 5 934.6657 0.08333333333333333
0 17 7 6 4341.4387 0.2
0 18 9 8 303561.8091 0.08333333333333333
0 29 5 6 3887.7265 0.25
0 47 1 9 226937.3797 0.2
0 112 9 7 55276.9519 0.125
0 135 4 6 2645.2636 0.25
0 150 7 2 15.2269 1.0
0 156 9 5 1285.9719 0.125
0 166 8 10 62485310.6136 0.5
0 215 7 9 2102276.474 0.5
0 256 10 4 250.8072 0.08333333333333333
0 259 5 10 5224557.0503 0.14285714285714285
0 265 6 6 3367.0483 0.14285714285714285
0 274 9 5 986.5616 0.14285714285714285
0 321 9 1 10.5276 0.14285714285714285
0 352 2 7 9000.373 0.16666666666666666
0 415 8 1 9.4737 0.5
0 552 9 6 7815.0489 0.2
0 618 1 1 2.5873 1.0
0 646 2 4 49.8373 0.25
0 670 7 6 4654.3655 1.0
0 674 1 7 4335.9726 0.3333333333333333
0 679 1 8 36211.4374 1.0
0 704 1 3 7.8856 0.3333333333333333
0 843 8 4 181.8446 0.25
0 902 2 7 10144.1344 0.14285714285714285
0 917 10 6 5600.5924 0.5
0 936 6 1 7.5146 0.2
1 7 8 2 17.395 0.16666666666666666
1 15 2 2 5.6247 0.25
1 30 9 8 214887.4322 0.3333333333333333
1 37 8 3 47.9782 0.16666666666666666
1 70 7 5 706.9134 0.25
1 82 4 1 5.4986 0.25
1 135 9 3 55.9677 0.25
1 228 3 9 833612.2019 0.5
1 292 8 10 19989221.3757 0.1
1 357 9 9 1594196.4057 0.5
1 481 9 6 6960.1028 0.14285714285714285
1 535 2 8 86282.6319 1.0
1 565 5 4 109.3305 0.2
1 644 7 1 8.6085 0.16666666666666666
1 705 1 8 25624.3595 0.2
1 768 3 2 7.8919 0.08333333333333333
1 825 10 1 11.5947 0.5
1 920 10 5 1128.2235 0.3333333333333333
2 0 9 4 212.4007 0.05
2 3 9 1 10.3872 0.06666666666666667
2 8 5 3 33.0932 0.0625
2 48 2 6 1561.5397 0.09090909090909091
2 132 2 5 223.3102 0.09090909090909091
2 167 7 3 45.191 0.25
2 260 1 1 2.5798 0.125
2 267 8 6 4913.6022 0.2
2 328 2 1 3.5398 0.16666666666666666
2 523 4 4 95.7664 0.16666666666666666
2 826 5 8 83827.1336 1.0
3 24 7 1 8.5488 0.06666666666666667
3 131 4 8 126640.4548 0.14285714285714285
3 272 8 5 946.7211 0.1
3 277 10 9 2113215.199 0.25
3 530 10 1 11.445 0.16666666666666666
3 592 10 5 1655.0422 0.125
3 652 1 1 2.572 0.2
3 817 1 10 848023.8274 0.5
4 0 6 5 826.3938 0.05
4 4 2 3 13.012 0.045454545454545456
4 15 10 10 16677575.1007 0.25
4 24 8 2 17.8086 0.06666666666666667
4 50 9 2 19.5207 0.25
4 60 3 1 4.5673 0.5
4 64 5 3 31.047 0.05555555555555555
4 248 10 6 7960.9391 0.3333333333333333
4 284 6 1 7.5383 0.3333333333333333
4 293 8 2 18.1837 0.5
4 368 10 8 331304.2757 0.3333333333333333
4 517 6 9 6684849.9583 0.14285714285714285
4 576 9 7 45886.3695 0.08333333333333333
4 683 4 6 2570.6577 1.0
4 774 4 9 3979230.9778 0.3333333333333333
4 803 7 6 4500.1063 0.25
4 808 5 4 105.8527 0.5
5 18 1 6 648.4811 0.08333333333333333
5 216 2 9 201096.0602 0.2
5 584 4 9 879781.1234 0.14285714285714285
5 887 10 4 240.5619 1.0
6 3 4 8 128004.7652 0.06666666666666667
6 148 6 2 13.7674 0.14285714285714285
6 212 4 8 141772.5752 0.2
6 259 6 1 7.5978 0.14285714285714285
6 267 6 6 3051.5093 0.2
6 268 8 6 12747.4591 0.2
6 466 6 3 35.4472 0.5
6 512 7 8 117572.9822 0.05555555555555555
6 798 6 2 13.6342 1.0
6 1002 8 7 27998.2314 0.5
7 81 1 9 261426.8676 0.16666666666666666
7 110 9 9 2149284.0018 0.5
7 237 2 1 3.5314 0.5
7 715 1 6 677.7335 1.0
8 1 5 7 17395.5051 0.05263157894736842
8 2 7 10 19679612.7682 0.07142857142857142
8 19 3 7 12560.1155 0.2
8 32 4 2 9.3641 0.058823529411764705
8 42 9 9 2604337.418 0.1
8 58 5 10 6826523.3856 0.16666666666666666
8 202 8 7 32053.2767 1.0
8 272 8 8 133810.5944 0.1
8 273 1 1 2.5787 0.2
8 386 9 6 7815.5149 0.3333333333333333
8 393 2 4 50.4499 0.3333333333333333
8 486 2 5 272.0626 1.0
8 552 5 1 6.5321 0.2
8 642 8 7 29978.7657 0.16666666666666666
8 656 4 9 492426.7032 0.2
8 735 3 4 70.1518 1.0
8 850 4 7 31544.8555 1.0
8 902 7 4 164.8085 0.14285714285714285
9 39 8 8 270612.3575 0.125
9 43 6 1 7.5202 0.25
9 274 10 4 237.2116 0.14285714285714285
9 416 9 1 10.4325 0.14285714285714285
9 526 7 8 330173.5751 0.25
9 572 6 9 926796.5326 0.2
9 823 9 3 56.818 1.0
9 907 7 9 2120496.2387 1.0
10 13 4 10 9425531.0178 0.5
10 40 6 8 259603.82 0.25
10 75 6 6 3098.7982 0.3333333333333333
10 84 1 6 673.2323 0.14285714285714285
10 160 10 3 54.5194 0.09090909090909091
10 176 3 5 364.3507 0.16666666666666666
10 208 3 7 18255.0324 0.14285714285714285
10 518 4 6 2446.7269 0.2
10 523 2 1 3.5243 0.16666666666666666
10 584 8 9 1885000.9208 0.14285714285714285
10 599 4 6 3474.0148 0.5
10 680 8 6 4944.7099 0.3333333333333333
10 778 5 10 11213467.8333 0.16666666666666666
11 204 6 5 715.98 0.25
11 586 7 1 8.4758 0.25
11 752 4 7 21280.7707 0.5
11 779 3 4 80.1707 0.2
12 0 5 4 136.7501 0.05
12 24 10 4 248.2412 0.06666666666666667
12 55 9 9 2936057.8603 0.5
12 65 1 10 2624309.7175 0.1111111111111111
12 116 9 6 5592.3476 0.2
12 128 10 3 58.4107 0.14285714285714285
12 269 1 3 7.5564 0.5
12 366 6 8 256170.3369 0.5
12 634 4 1 5.5694 0.25
12 781 7 8 209592.0101 0.25
13 66 4 3 24.9984 0.14285714285714285
13 192 4 9 497641.4944 0.125
13 224 6 2 13.8147 0.3333333333333333
13 320 6 2 13.1951 0.14285714285714285
13 780 9 2 19.5163 0.3333333333333333
14 127 8 10 52432582.5784 0.5
14 152 3 8 414196.4682 0.5
14 210 2 10 19664687.5038 0.2
14 321 2 9 461541.1248 0.14285714285714285
14 376 1 2 3.6882 0.2
14 584 5 8 79829.1131 0.14285714285714285
14 616 2 6 1313.4347 0.5
15 352 8 4 200.9718 0.16666666666666666
15 485 1 2 3.6824 0.3333333333333333
15 659 9 4 208.8657 0.3333333333333333
15 854 6 4 166.7768 0.5
16 9 6 10 8340786.5645 0.08333333333333333
16 24 7 8 247256.1665 0.06666666666666667
16 64 8 10 21293583.5259 0.05555555555555555
16 96 6 2 13.5713 0.14285714285714285
16 132 2 8 116701.7915 0.09090909090909091
16 148 7 1 8.4827 0.14285714285714285
16 198 4 3 25.0384 0.5
16 516 2 3 13.2434 0.1
16 643 3 2 7.5121 0.3333333333333333
16 806 7 8 167173.9841 0.25
17 48 5 6 5244.0863 0.09090909090909091
17 129 6 9 1306930.5061 0.125
17 258 7 2 15.9412 0.1
18 51 8 3 45.2019 0.3333333333333333
18 203 4 3 25.3551 0.25
18 215 1 7 5969.5439 0.5
18 290 10 9 3736373.177 0.2
18 641 4 7 16313.2036 0.1111111111111111
18 645 3 8 51377.1607 0.25
19 7 7 3 43.9643 0.16666666666666666
19 24 9 6 6409.0686 0.06666666666666667
19 657 10 5 1114.3297 0.2
19 709 1 10 18549882.5666 1.0
20 1 9 7 37561.4057 0.05263157894736842
20 10 1 5 118.4302 0.08333333333333333
20 28 8 2 17.4195 0.16666666666666666
20 36 8 1 9.4199 0.06666666666666667
20 69 4 5 550.4481 0.14285714285714285
20 176 3 4 66.0756 0.16666666666666666
20 194 5 3 28.8223 0.25
20 323 10 4 296.9353 0.5
20 786 9 7 25844.3492 0.16666666666666666
21 116 8 6 5665.5789 0.2
21 258 7 2 14.9905 0.1
21 308 6 1 7.533 0.5
22 24 7 10 10032456.1267 0.06666666666666667
22 68 3 6 2509.5929 0.09090909090909091
22 97 1 4 23.8279 0.14285714285714285
22 107 1 4 25.3475 0.5
22 133 3 7 10766.6776 0.14285714285714285
22 281 5 1 6.4662 0.2
22 320 2 7 9338.3019 0.14285714285714285
22 331 4 7 26328.917 0.5
22 565 1 4 33.9673 0.2
23 328 9 3 51.8979 0.16666666666666666
23 770 9 9 2532816.818 0.3333333333333333
23 886 4 9 688394.1025 0.5
24 9 9 10 166553246.8079 0.08333333333333333
24 533 4 7 23281.0997 0.3333333333333333
24 781 3 4 75.7683 0.25
24 786 2 2 5.654 0.16666666666666666
24 848 10 3 61.5189 0.25
24 944 8 9 1516969.1264 0.5
25 523 2 4 49.2831 0.16666666666666666
25 592 3 9 3933612.7037 0.125
26 20 7 4 182.1762 0.08333333333333333
26 22 4 6 2441.9775 0.3333333333333333
26 109 9 8 194286.2308 0.3333333333333333
26 801 2 10 3477317.4904 0.16666666666666666
27 130 2 4 43.0468 0.125
27 210 5 5 593.2885 0.2
27 547 9 9 1449287.4005 0.25
27 549 7 1 8.5894 0.25
28 42 8 3 50.1855 0.1
28 72 1 9 160084.7448 0.1111111111111111
28 146 2 10 13508774.6585 0.125
28 192 9 4 208.4178 0.125
28 203 7 7 28713.7903 0.25
28 624 8 9 1368700.1431 0.3333333333333333
28 647 6 10 54958758.6751 0.3333333333333333
29 1 1 5 113.7622 0.05263157894736842
29 5 8 7 39296.1381 0.07692307692307693
29 327 10 8 161963.8793 0.5
29 532 9 6 5634.4612 0.16666666666666666
29 809 3 5 300.5374 0.5
30 21 1 3 7.9868 0.1111111111111111
30 52 9 4 212.0264 0.1111111111111111
30 129 6 1 7.5539 0.125
30 588 9 1 10.5715 1.0
31 77 10 9 3829195.9953 0.3333333333333333
31 561 9 3 56.5377 0.3333333333333333
32 16 7 4 169.1299 0.07692307692307693
32 33 10 10 35532291.1414 0.09090909090909091
32 42 9 1 10.6046 0.1
32 72 1 10 1044092.1602 0.1111111111111111
32 185 8 5 1037.2299 0.3333333333333333
32 196 1 9 631520.1876 0.2
32 204 10 3 61.2323 0.25
32 211 6 8 165243.3987 0.16666666666666666
32 219 5 8 96625.3799 1.0
32 276 7 3 45.0777 0.125
32 388 10 1 11.3854 0.16666666666666666
32 414 1 1 2.5888 1.0
32 514 7 8 381893.9076 0.07692307692307693
32 612 9 2 19.4527 0.3333333333333333
32 641 5 5 551.2484 0.1111111111111111
32 721 5 6 3350.8582 1.0
32 759 6 3 39.4672 1.0
32 803 8 10 78909391.1826 0.25
32 848 7 4 158.0445 0.25
32 960 2 10 10332565.1701 0.3333333333333333
33 2 2 8 40360.4754 0.07142857142857142
33 3 1 6 568.547 0.06666666666666667
33 26 7 2 15.6336 0.16666666666666666
33 31 8 5 881.5856 0.5
33 64 6 6 3408.507 0.05555555555555555
33 276 4 4 100.841 0.125
33 277 10 3 58.1611 0.25
33 320 7 8 609554.7881 0.14285714285714285
33 544 2 4 47.2913 0.16666666666666666
33 785 3 1 4.5488 0.25
33 898 1 5 146.8514 0.3333333333333333
33 945 9 9 5831341.4301 0.3333333333333333
34 144 7 2 15.5947 0.1111111111111111
34 292 7 7 40399.2495 0.1
34 324 7 5 711.7078 0.3333333333333333
34 561 1 4 25.1873 0.3333333333333333
34 663 5 4 101.9929 0.5
34 720 1 4 25.7661 0.2
34 800 9 5 947.991 0.1
35 65 2 10 39171519.1796 0.1111111111111111
35 266 3 7 17168.3501 0.16666666666666666
35 551 6 8 173967.8471 0.5
35 689 9 7 43848.4068 1.0
36 12 10 3 59.9507 0.1111111111111111
36 34 3 4 63.0182 0.06666666666666667
36 48 5 8 85524.9992 0.09090909090909091
36 257 5 8 210016.8641 0.1
36 266 2 7 7714.738 0.16666666666666666
36 288 4 7 17130.9643 0.08333333333333333
36 320 6 4 134.0173 0.14285714285714285
36 448 3 9 476361.0503 0.3333333333333333
36 555 2 6 1314.9297 0.2
36 705 6 6 3886.8548 0.2
36 858 5 5 591.2574 1.0
37 2 6 2 13.9774 0.07142857142857142
37 13 1 10 5806172.1985 0.5
37 364 6 10 14781515.3061 1.0
37 520 3 1 4.5445 0.09090909090909091
37 594 5 6 4440.5469 0.3333333333333333
37 640 6 4 132.8481 0.09090909090909091
37 673 7 9 2925931.1401 0.16666666666666666
38 1 5 8 172390.32 0.05263157894736842
38 180 2 1 3.5558 0.5
38 204 8 10 16730370.5504 0.25
38 544 8 5 1040.3533 0.16666666666666666
39 3 10 9 1259289.3709 0.06666666666666667
39 48 9 1 10.5473 0.09090909090909091
39 520 6 4 158.9421 0.09090909090909091
39 982 6 1 7.5232 1.0
40 9 10 7 33684.2246 0.08333333333333333
40 20 1 6 761.4758 0.08333333333333333
40 39 3 4 67.1156 0.125
40 65 8 2 17.7089 0.1111111111111111
40 256 10 3 64.0836 0.08333333333333333
40 512 4 2 9.6564 0.05555555555555555
40 528 6 4 130.2483 0.125
40 605 5 7 24330.7668 0.5
40 645 7 2 14.9574 0.25
40 672 2 10 25362487.2513 0.16666666666666666
40 756 6 6 5420.5451 0.25
40 761 9 9 2076579.3879 0.3333333333333333
40 840 9 8 241455.426 0.3333333333333333
40 980 9 8 222716.2775 0.5
41 96 6 5 594.6542 0.14285714285714285
41 263 6 9 1000461.4251 0.5
41 276 3 6 3117.4498 0.125
41 321 7 3 45.1897 0.14285714285714285
41 513 8 10 10997056.4233 0.1111111111111111
41 987 4 3 25.5983 1.0
42 42 7 9 1746043.2806 0.1
42 140 1 6 511.8357 0.2
42 329 1 5 102.4555 0.5
42 411 7 3 45.0839 1.0
42 778 2 1 3.5411 0.16666666666666666
42 839 6 6 4232.5524 1.0
43 1 4 6 2558.9499 0.05263157894736842
43 546 1 7 4140.9764 0.25
44 10 1 1 2.5844 0.08333333333333333
44 12 1 5 112.7235 0.1111111111111111
44 47 9 10 30076733.5258 0.2
44 430 8 3 52.8645 1.0
44 524 2 5 221.4806 0.16666666666666666
44 794 2 7 7573.9877 0.5
45 23 8 1 9.3876 0.3333333333333333
45 50 3 6 2015.8341 0.25
45 74 10 3 60.7097 0.25
45 266 7 8 148286.2024 0.16666666666666666
45 615 9 3 57.1095 1.0
45 808 4 9 576521.426 0.5
45 844 10 10 17428948.6588 0.3333333333333333
46 57 8 6 5636.8655 0.5
47 80 1 10 1766728.203 0.09090909090909091
47 1022 8 8 912520.1713 1.0
48 67 8 3 48.7132 0.14285714285714285
48 168 3 9 1856919.0283 0.16666666666666666
48 176 4 4 104.0191 0.16666666666666666
48 193 5 9 738464.4782 0.2
48 198 3 3 20.2116 0.5
48 226 6 1 7.5745 0.125
48 646 3 5 371.7078 0.25
48 708 10 8 323443.0429 1.0
48 789 10 10 23069541.8226 0.5
48 843 9 7 32338.0877 0.25
48 932 1 6 586.4281 0.14285714285714285
49 4 2 9 278234.6352 0.045454545454545456
49 17 8 1 9.4857 0.2
49 310 1 10 1594993.9632 1.0
49 313 5 10 10723922.1656 0.16666666666666666
49 516 5 2 11.7645 0.1
50 9 3 4 65.1266 0.08333333333333333
50 113 2 9 249177.8187 0.5
50 528 6 7 35085.1181 0.125
51 70 7 8 397667.1959 0.25
51 377 8 4 175.7618 0.3333333333333333
51 516 7 4 173.5933 0.1
52 46 9 5 1199.6304 0.5
52 188 3 10 4898788.3869 0.3333333333333333
52 256 9 10 4364991.0358 0.08333333333333333
52 285 2 9 541283.831 0.3333333333333333
52 390 7 9 5297656.8893 0.5
52 899 8 5 902.9423 0.25
53 146 9 9 2396980.31 0.125
53 245 6 8 322525.3124 0.5
54 112 3 1 4.498 0.125
54 718 10 4 248.7618 0.3333333333333333
55 278 2 6 910.7796 0.2
56 89 6 8 158798.5179 0.3333333333333333
56 267 9 1 10.6451 0.2
56 472 5 6 3241.8769 0.3333333333333333
56 544 5 2 11.9419 0.16666666666666666
56 560 4 3 26.1747 0.2
57 5 3 2 7.5002 0.07692307692307693
57 33 10 9 1254369.734 0.09090909090909091
57 128 7 3 39.8885 0.14285714285714285
57 448 2 5 293.1106 0.3333333333333333
58 113 1 4 22.267 0.5
58 470 1 6 1796.3403 0.5
59 58 3 10 20287617.8602 0.16666666666666666
59 292 10 9 2467413.8391 0.1
59 453 8 7 60212.9651 0.25
59 583 7 2 15.342 0.3333333333333333
60 3 6 6 3471.3298 0.06666666666666667
60 5 7 3 42.4271 0.07692307692307693
60 33 4 2 9.7092 0.09090909090909091
60 112 9 2 19.391 0.125
60 948 7 4 159.5765 0.5
61 644 4 4 96.3999 0.16666666666666666
61 648 8 6 3788.1467 0.2
62 521 4 1 5.5746 0.2
62 612 8 4 233.9939 0.3333333333333333
64 1 1 6 641.258 0.05263157894736842
64 26 8 6 4898.2163 0.16666666666666666
64 41 10 2 21.297 0.3333333333333333
64 192 10 4 238.7873 0.125
64 194 1 10 870818.893 0.25
64 197 2 9 483236.9475 0.2
64 203 8 7 28201.5353 0.25
64 272 7 10 12855686.5171 0.1
64 370 8 10 43445269.1412 0.14285714285714285
64 465 5 4 123.1266 1.0
64 481 7 2 15.2385 0.14285714285714285
64 514 7 7 27934.7915 0.07692307692307693
64 686 10 7 45102.8714 0.5
64 756 1 10 1131963.3017 0.25
64 771 9 7 31244.0821 0.5
64 780 7 1 8.506 0.3333333333333333
64 790 4 3 27.046 1.0
65 25 6 9 1111269.5142 0.16666666666666666
65 61 7 5 752.6396 0.5
65 96 3 8 64011.8977 0.14285714285714285
65 104 5 5 584.4462 0.09090909090909091
65 118 7 2 15.1301 1.0
65 218 7 5 652.5291 1.0
65 241 4 1 5.5704 1.0
65 265 9 10 11565991.4337 0.14285714285714285
65 274 7 9 1081084.6667 0.14285714285714285
65 421 10 7 68333.5268 0.5
65 515 6 9 1306877.9582 0.16666666666666666
65 571 4 9 743043.6389 0.5
65 614 2 5 255.8383 0.25
66 140 6 1 7.475 0.2
66 545 9 9 5599541.4464 0.16666666666666666
67 2 10 6 8640.4954 0.07142857142857142
67 16 9 5 984.9892 0.07692307692307693
67 20 6 8 222478.1866 0.08333333333333333
67 37 5 1 6.528 0.16666666666666666
67 73 2 9 377166.5619 0.16666666666666666
67 453 4 7 11447.4232 0.25
67 482 4 4 114.7179 0.3333333333333333
67 840 8 5 1335.2009 0.3333333333333333
68 153 3 6 1816.7345 0.5
68 192 6 7 24657.7682 0.125
68 226 7 7 42378.8687 0.125
68 284 5 3 30.7087 0.3333333333333333
68 322 3 10 4659407.9 0.3333333333333333
68 576 6 1 7.6275 0.08333333333333333
69 138 1 1 2.5727 0.16666666666666666
69 276 10 4 272.1911 0.125
69 466 1 5 139.4728 0.5
69 529 5 9 1169907.2277 1.0
69 572 7 2 14.8764 0.2
69 768 1 5 148.7046 0.08333333333333333
70 109 7 5 869.941 0.3333333333333333
70 212 3 2 7.5742 0.2
70 431 4 5 471.6899 0.3333333333333333
70 608 2 8 43604.8419 0.14285714285714285
70 642 8 10 25297975.7246 0.16666666666666666
70 646 9 2 18.751 0.25
70 648 10 3 63.3056 0.2
70 672 6 8 158804.5475 0.16666666666666666
71 1 3 9 13297279.5598 0.05263157894736842
71 264 2 8 104735.8258 0.14285714285714285
71 409 4 6 2636.5442 0.25
71 700 4 4 112.6258 1.0
72 8 6 10 4862060.445 0.0625
72 37 10 1 11.4636 0.16666666666666666
72 65 7 10 9655074.2774 0.1111111111111111
72 280 10 4 245.0624 0.14285714285714285
72 437 4 7 14983.2308 0.5
72 533 1 5 129.0135 0.3333333333333333
72 961 7 1 8.5993 0.5
73 39 4 4 94.2331 0.125
73 640 9 7 38427.6191 0.09090909090909091
73 870 1 3 7.5586 1.0
73 999 9 1 10.3716 0.3333333333333333
74 512 6 10 14727316.621 0.05555555555555555
74 548 10 5 1236.5149 0.2
74 600 6 1 7.5588 0.2
74 768 10 6 11819.3657 0.08333333333333333
74 1012 6 5 627.1483 1.0
75 259 6 1 7.5984 0.14285714285714285
75 576 3 3 18.9595 0.08333333333333333
76 76 3 10 2825976.12 0.125
76 84 8 9 1617009.322 0.14285714285714285
76 133 10 10 16703961.055 0.14285714285714285
76 262 7 2 15.3582 0.25
76 586 4 2 9.443 0.25
76 855 1 9 478670.9082 1.0
77 256 3 5 477.996 0.08333333333333333
77 267 10 7 63954.6218 0.2
77 450 1 5 107.807 0.2
77 456 9 10 33099799.9527 0.2
78 288 3 7 21695.8994 0.08333333333333333
78 517 7 1 8.595 0.14285714285714285
78 784 2 6 1087.6325 0.16666666666666666
78 919 3 1 4.5418 1.0
79 165 6 6 3826.1071 0.2
79 386 7 1 8.5601 0.3333333333333333
80 0 2 3 13.4811 0.05
80 51 9 3 55.7051 0.3333333333333333
80 82 6 4 149.6537 0.25
80 132 3 7 10380.4671 0.09090909090909091
80 211 6 2 13.4981 0.16666666666666666
80 528 6 3 39.9062 0.125
80 677 9 5 1260.5123 0.3333333333333333
80 920 7 9 837142.2925 0.3333333333333333
81 807 8 8 201434.816 0.5
81 852 4 9 711171.3278 0.5
82 280 4 8 63282.48 0.14285714285714285
82 283 10 4 229.3476 0.5
83 115 3 3 19.3271 0.3333333333333333
83 124 7 2 16.0916 0.3333333333333333
83 304 6 8 554813.8556 0.2
83 617 4 6 2595.7113 1.0
83 784 9 9 1631767.8258 0.16666666666666666
84 64 9 3 55.5989 0.05555555555555555
84 74 6 5 844.3533 0.25
84 216 5 4 125.714 0.2
84 490 9 6 6994.25 1.0
85 31 8 9 1216409.67 0.5
85 65 8 10 16496235.653 0.1111111111111111
86 234 10 2 21.7596 0.3333333333333333
86 524 2 10 5337077.2601 0.16666666666666666
87 353 5 8 134547.5654 1.0
87 462 3 4 72.8161 0.5
87 512 4 1 5.5008 0.05555555555555555
87 515 8 4 185.1844 0.16666666666666666
88 330 7 7 22600.5913 0.3333333333333333
88 782 9 4 224.6146 0.5
89 2 7 9 2062882.5946 0.07142857142857142
89 4 8 3 48.5496 0.045454545454545456
89 76 5 6 2864.2921 0.125
90 20 9 2 19.6103 0.08333333333333333
90 274 1 7 6528.2683 0.14285714285714285
90 843 1 4 24.3312 0.25
90 977 7 1 8.49 0.3333333333333333
90 988 3 1 4.5551 1.0
91 154 4 8 123463.2492 0.5
91 652 10 3 62.9077 0.2
91 951 2 2 5.5479 1.0
92 38 8 4 208.1968 0.3333333333333333
92 91 8 5 1013.8318 0.3333333333333333
93 49 3 6 2954.1833 0.5
93 134 8 2 16.6627 0.1
93 669 6 8 221054.4874 0.5
94 869 7 4 141.9129 1.0
94 954 4 5 416.1213 0.5
95 20 5 7 19698.5733 0.08333333333333333
95 34 7 8 337528.0242 0.06666666666666667
96 32 1 9 358813.3799 0.058823529411764705
96 80 4 6 2682.198 0.09090909090909091
96 103 9 5 1198.0874 1.0
96 148 7 10 10967573.7527 0.14285714285714285
96 208 6 3 38.5122 0.14285714285714285
96 220 10 2 21.3179 0.5
96 276 4 3 26.7135 0.125
96 304 4 10 4433120.7217 0.2
96 321 10 4 257.1212 0.14285714285714285
96 356 4 2 9.5482 0.25
96 547 8 7 40488.8033 0.25
96 776 5 8 92644.0371 0.1111111111111111
96 820 9 6 6153.7621 0.3333333333333333
97 18 2 9 369842.9204 0.08333333333333333
97 48 9 4 248.3235 0.09090909090909091
97 130 1 2 3.6969 0.125
97 144 8 5 904.5601 0.1111111111111111
97 167 4 2 9.6335 0.25
97 195 10 7 35651.8068 0.3333333333333333
97 286 2 6 1089.7007 0.25
97 473 5 9 1531966.5116 1.0
97 525 3 1 4.5129 0.25
98 14 1 10 920233.9946 0.25
98 352 4 10 19889926.1976 0.16666666666666666
98 401 3 10 6940074.8893 0.16666666666666666
98 671 6 5 671.8033 1.0
98 928 1 6 825.0401 0.2
99 117 9 10 8376436.0297 1.0
99 134 6 6 4641.8116 0.1
99 249 10 4 222.0281 1.0
100 128 6 6 3671.4385 0.14285714285714285
100 294 5 7 19239.7585 0.25
100 752 10 4 240.2328 0.5
100 768 6 7 24006.1736 0.08333333333333333
100 901 7 6 4350.7017 0.25
101 70 8 4 197.8938 0.25
101 124 1 6 658.7101 0.3333333333333333
101 161 8 5 847.895 0.16666666666666666
101 169 10 8 324121.8468 0.25
101 392 6 1 7.5382 0.14285714285714285
101 599 4 5 464.2472 0.5
102 6 1 6 733.9894 0.058823529411764705
102 78 2 9 361430.4547 0.3333333333333333
102 166 5 2 11.6601 0.5
102 264 7 9 1922375.419 0.14285714285714285
103 704 3 10 3429828.1294 0.3333333333333333
104 26 8 4 171.851 0.16666666666666666
104 28 3 4 76.8797 0.16666666666666666
104 48 9 7 61709.6387 0.09090909090909091
104 64 3 3 19.9708 0.05555555555555555
104 132 2 4 47.7941 0.09090909090909091
104 313 4 7 21825.6041 0.16666666666666666
104 512 8 1 9.4336 0.05555555555555555
104 673 3 9 653629.4679 0.16666666666666666
105 3 4 7 25217.576 0.06666666666666667
105 296 5 3 30.67 0.2
105 779 2 10 16349329.5689 0.2
106 516 6 8 257090.4389 0.1
106 652 2 2 5.5052 0.2
107 3 3 4 65.726 0.06666666666666667
107 129 1 9 265466.1845 0.125
108 133 10 9 1691553.5158 0.14285714285714285
108 514 4 8 120659.0745 0.07692307692307693
108 825 4 1 5.5389 0.5
109 707 8 2 17.0789 0.25
111 12 2 9 673767.2467 0.1111111111111111
112 0 7 9 7356402.0523 0.05
112 1 9 8 348405.4705 0.05263157894736842
112 3 9 3 51.5988 0.06666666666666667
112 28 4 7 13037.9269 0.16666666666666666
112 84 2 3 13.8936 0.14285714285714285
112 107 3 2 7.5785 0.5
112 165 7 5 876.2817 0.2
112 776 5 8 200610.941 0.1111111111111111
114 68 10 1 11.4829 0.09090909090909091
114 416 9 3 57.8926 0.14285714285714285
114 452 7 1 8.3852 0.25
114 497 3 7 14437.7685 1.0
114 872 9 7 29419.126 1.0
116 33 9 5 994.5579 0.09090909090909091
117 106 5 2 10.9375 0.2
117 803 1 8 77491.75 0.25
118 565 3 10 2612790.5338 0.2
119 446 4 9 766994.0118 0.5
119 836 8 7 46978.3604 0.2
120 0 7 9 967034.5643 0.05
120 76 6 10 33365859.6784 0.125
121 536 1 6 852.6047 0.16666666666666666
122 24 1 6 660.8259 0.06666666666666667
122 80 8 1 9.5376 0.09090909090909091
122 185 9 2 19.9074 0.3333333333333333
122 294 4 4 94.8469 0.25
123 600 1 3 7.7773 0.2
124 304 4 4 95.2284 0.2
124 348 10 4 243.5839 1.0
125 268 2 8 63812.935 0.2
128 1 3 9 921860.911 0.05263157894736842
128 10 9 1 10.5802 0.08333333333333333
128 58 6 2 13.724 0.16666666666666666
128 134 3 8 70810.9211 0.1
128 200 1 5 148.5279 0.16666666666666666
128 208 2 3 14.3507 0.14285714285714285
128 320 4 6 3745.3812 0.14285714285714285
128 362 2 1 3.5602 1.0
128 375 6 7 30544.617 0.5
128 376 5 2 11.4368 0.2
128 433 9 8 356841.7464 0.16666666666666666
128 453 2 5 265.7804 0.25
128 628 5 7 32841.8686 0.3333333333333333
128 770 9 7 31128.2117 0.3333333333333333
128 806 4 4 96.4451 0.25
129 0 6 9 2185050.1812 0.05
129 10 1 8 23727.7663 0.08333333333333333
129 37 8 1 9.4047 0.16666666666666666
129 39 1 6 830.1272 0.125
129 88 3 3 19.7614 0.5
129 163 10 2 21.6657 0.3333333333333333
129 584 5 3 30.6255 0.14285714285714285
129 707 7 8 258439.9781 0.25
130 78 4 2 9.529 0.3333333333333333
130 272 1 3 7.6509 0.1
130 273 5 4 118.8541 0.2
130 368 7 3 42.7472 0.3333333333333333
130 520 5 5 442.7052 0.09090909090909091
130 528 7 1 8.4999 0.125
130 532 5 4 105.2301 0.16666666666666666
130 540 10 9 1919750.6541 0.25
130 675 4 7 75770.5808 0.5
130 772 10 5 937.0271 0.25
130 980 9 1 10.4924 0.5
131 581 7 10 10397293.1354 0.3333333333333333
132 6 2 8 50742.0493 0.058823529411764705
132 17 1 7 4519.3188 0.2
132 94 6 1 7.5474 0.25
132 137 6 2 13.7004 0.25
132 372 6 3 38.5313 1.0
132 516 3 1 4.5678 0.1
132 713 7 6 4154.8577 0.25
132 916 6 6 3323.0732 0.3333333333333333
132 957 3 4 71.7517 1.0
133 23 4 8 142902.6852 0.3333333333333333
133 138 4 9 786266.8711 0.16666666666666666
133 614 3 1 4.5098 0.25
134 67 10 4 242.1008 0.14285714285714285
134 84 4 10 7287997.6971 0.14285714285714285
134 208 6 5 859.3213 0.14285714285714285
134 224 6 7 17305.2975 0.3333333333333333
134 377 7 3 43.3306 0.3333333333333333
134 390 6 10 7703408.8605 0.5
134 516 2 9 737242.2285 0.1
134 768 1 2 3.7291 0.08333333333333333
135 258 2 1 3.5089 0.1
135 544 5 3 30.4231 0.16666666666666666
136 21 3 3 20.0072 0.1111111111111111
136 39 3 9 780582.2953 0.125
136 81 1 4 29.5749 0.16666666666666666
136 160 8 2 18.589 0.09090909090909091
136 482 4 4 94.9622 0.3333333333333333
136 610 2 6 1195.4783 0.3333333333333333
136 657 9 2 20.146 0.2
136 684 7 3 42.8934 0.25
136 831 8 5 1060.6359 1.0
137 148 6 6 3465.465 0.14285714285714285
137 256 10 9 2287837.079 0.08333333333333333
137 259 7 10 15701834.2099 0.14285714285714285
137 325 9 6 8981.0875 0.2
137 678 8 3 46.6696 0.5
137 778 7 5 807.7376 0.16666666666666666
138 266 8 2 18.0689 0.16666666666666666
138 415 4 9 795423.5027 0.5
138 590 6 4 145.0268 0.5
138 902 8 10 13077670.5679 0.14285714285714285
139 87 6 3 39.0135 0.5
139 426 1 6 654.2103 0.5
139 865 5 1 6.5096 1.0
140 72 2 7 6236.0821 0.1111111111111111
140 135 6 1 7.5914 0.25
140 143 3 4 85.8025 1.0
140 168 4 7 24751.7419 0.16666666666666666
140 464 8 10 9017738.3394 0.25
140 724 2 6 1162.0252 0.5
140 776 6 2 13.3593 0.1111111111111111
141 2 10 2 21.8445 0.07142857142857142
141 521 4 6 2416.0236 0.2
141 954 5 1 6.5469 0.5
142 641 1 8 26575.6561 0.1111111111111111
143 116 7 3 45.178 0.2
143 144 8 8 244166.8038 0.1111111111111111
143 187 9 3 56.883 1.0
143 286 9 8 207499.468 0.25
143 642 6 1 7.5465 0.16666666666666666
144 18 8 6 4535.5612 0.08333333333333333
144 68 2 8 55998.5988 0.09090909090909091
144 248 9 8 265681.4703 0.3333333333333333
144 257 9 8 612968.0434 0.1
144 418 4 7 10281.254 0.3333333333333333
144 433 1 9 575194.7766 0.16666666666666666
144 520 4 2 9.4696 0.09090909090909091
144 800 3 4 66.7202 0.1
145 1 3 7 8516.4148 0.05263157894736842
145 2 1 9 252645.7635 0.07142857142857142
145 67 10 3 64.5533 0.14285714285714285
145 94 6 1 7.5236 0.25
145 184 9 5 958.4042 1.0
145 216 6 7 19082.2925 0.2
145 273 8 9 3526870.6552 0.2
145 392 5 10 10790634.092 0.14285714285714285
145 513 4 3 25.3633 0.1111111111111111
145 576 2 9 792253.3532 0.08333333333333333
146 69 3 4 79.1188 0.14285714285714285
146 146 6 5 801.6028 0.125
146 396 6 6 3377.3086 1.0
146 910 5 2 11.4718 1.0
147 513 7 10 18354771.9097 0.1111111111111111
147 522 5 10 7851438.8023 0.1111111111111111
148 1 7 8 177865.5286 0.05263157894736842
148 24 7 8 275816.8276 0.06666666666666667
148 130 3 9 2076946.4177 0.125
148 139 6 1 7.6051 1.0
148 146 8 3 47.8721 0.125
148 278 8 4 214.694 0.2
148 464 2 9 333612.1417 0.25
148 515 3 6 3618.5588 0.16666666666666666
148 912 8 4 187.1248 0.14285714285714285
149 20 1 4 25.6001 0.08333333333333333
149 633 2 8 59322.984 0.5
149 649 7 1 8.3712 0.3333333333333333
150 141 4 4 95.4116 0.2
150 160 1 2 3.6208 0.09090909090909091
150 656 3 9 526140.0874 0.2
151 102 1 5 122.2409 0.5
151 132 6 3 35.8695 0.09090909090909091
151 207 4 3 25.5058 1.0
151 250 8 6 3894.5627 1.0
153 26 6 8 294346.7692 0.16666666666666666
153 151 1 3 7.6273 0.5
153 171 1 2 3.6902 0.5
153 592 10 4 227.0383 0.125
153 598 2 9 406536.8603 0.3333333333333333
153 833 9 5 1045.9225 0.25
153 961 10 8 190106.3927 0.5
156 54 2 5 240.553 1.0
156 133 9 5 1279.07 0.14285714285714285
156 521 2 4 48.0821 0.2
156 814 10 8 294086.4582 1.0
157 404 10 5 1086.234 1.0
158 104 8 3 44.9063 0.09090909090909091
159 526 9 10 14419206.0081 0.25
160 34 10 4 227.1396 0.06666666666666667
160 81 1 2 3.7392 0.16666666666666666
160 144 9 7 20689.7837 0.1111111111111111
160 452 5 3 29.4976 0.25
160 644 1 5 106.2658 0.16666666666666666
160 801 4 8 280648.645 0.16666666666666666
161 21 10 5 1340.8849 0.1111111111111111
161 40 1 1 2.5697 0.25
161 326 3 8 57468.295 0.25
161 376 7 2 15.3674 0.2
161 524 6 4 143.1188 0.16666666666666666
161 576 5 6 3436.3134 0.08333333333333333
161 717 4 9 625863.36 0.3333333333333333
161 898 4 4 102.2261 0.3333333333333333
162 160 10 9 7980878.2161 0.09090909090909091
162 290 6 4 138.2999 0.2
162 306 7 10 8614202.0098 1.0
162 517 5 8 152747.4946 0.14285714285714285
163 227 9 1 10.5837 0.5
163 361 5 6 2583.3011 1.0
163 601 2 3 14.3227 0.5
164 34 8 3 49.1178 0.06666666666666667
164 38 7 1 8.4482 0.3333333333333333
164 87 10 4 233.4802 0.5
164 217 2 7 10627.7573 0.5
164 264 2 9 357429.9853 0.14285714285714285
164 280 8 5 908.5727 0.14285714285714285
164 329 8 2 17.8453 0.5
164 481 4 3 25.2802 0.14285714285714285
164 636 2 5 334.0961 0.5
164 646 1 9 185708.902 0.25
165 141 1 8 19555.1242 0.2
165 397 10 2 21.4021 0.5
166 686 4 1 5.5187 0.5
167 104 6 6 3724.0486 0.09090909090909091
167 289 2 8 40517.4723 0.5
167 384 9 4 222.6022 0.25
167 456 1 1 2.5917 0.2
167 712 10 7 27975.5586 0.3333333333333333
168 8 2 3 13.4476 0.0625
168 52 6 2 13.8043 0.1111111111111111
168 67 6 9 1241549.0345 0.14285714285714285
168 68 8 8 175477.9528 0.09090909090909091
168 98 1 2 3.6794 0.16666666666666666
168 480 4 2 9.6397 0.25
169 25 1 7 3841.2329 0.16666666666666666
169 72 1 1 2.5912 0.1111111111111111
169 351 10 4 267.9364 1.0
169 514 9 2 19.0411 0.07692307692307693
171 144 10 5 1350.6657 0.1111111111111111
171 810 7 2 15.3977 0.3333333333333333
172 8 9 7 67318.4437 0.0625
172 32 8 8 182264.2123 0.058823529411764705
172 569 5 7 29489.9102 0.3333333333333333
172 664 6 4 168.5485 0.5
173 261 7 6 5934.6835 0.16666666666666666
174 493 3 8 123088.068 1.0
174 582 1 1 2.5825 0.25
175 863 1 6 601.6803 1.0
176 32 8 5 900.2791 0.058823529411764705
176 137 4 9 766467.4744 0.25
176 270 2 6 2061.3688 1.0
176 273 2 1 3.5621 0.2
176 824 10 10 22572783.8641 0.3333333333333333
176 864 1 7 3718.8566 0.3333333333333333
176 916 10 2 22.1293 0.3333333333333333
176 932 5 5 542.6391 0.14285714285714285
177 128 9 6 5924.4503 0.14285714285714285
177 280 6 7 356778.7581 0.14285714285714285
177 560 1 1 2.5789 0.2
177 611 1 8 45891.5938 0.25
177 744 8 9 4098902.2724 1.0
178 100 5 9 1362771.6389 0.14285714285714285
178 144 2 4 47.85 0.1111111111111111
178 580 5 8 784979.356 0.3333333333333333
178 797 3 3 19.2439 0.5
179 429 9 2 19.3244 0.3333333333333333
180 19 6 5 696.1852 0.2
180 152 3 7 8323.6808 0.5
180 600 8 4 198.0209 0.2
180 973 2 7 11013.3817 0.5
181 97 9 4 216.5793 0.14285714285714285
181 331 6 1 7.4131 0.5
181 768 4 6 2260.8265 0.08333333333333333
181 964 4 9 1049999.4676 1.0
182 300 1 6 1047.395 0.25
182 672 10 10 18665817.376 0.16666666666666666
182 728 3 2 7.569 0.5
184 141 10 3 57.1241 0.2
184 161 7 2 15.4814 0.16666666666666666
184 664 4 1 5.507 0.5
185 5 1 9 128832.4201 0.07692307692307693
185 42 6 2 13.8843 0.1
185 391 5 8 214664.4102 0.3333333333333333
186 272 1 8 59579.2256 0.1
186 582 5 6 5043.2987 0.25
187 800 2 2 5.7857 0.1
188 4 1 9 126263.4625 0.045454545454545456
188 199 5 6 2518.359 0.5
192 43 8 9 1418266.3806 0.25
192 52 3 7 30094.1379 0.1111111111111111
192 72 2 5 230.6201 0.1111111111111111
192 177 4 9 1637086.8053 0.3333333333333333
192 388 4 10 29117612.7271 0.16666666666666666
192 392 8 6 4079.0752 0.14285714285714285
192 524 3 2 7.6612 0.16666666666666666
192 536 9 10 80302010.8604 0.16666666666666666
192 713 3 3 19.2188 0.25
192 898 8 10 8500634.0775 0.3333333333333333
192 904 10 5 1248.5554 0.5
192 999 1 3 7.5509 0.3333333333333333
193 8 9 7 45989.4504 0.0625
193 28 6 7 19999.9596 0.16666666666666666
193 120 6 3 35.7525 0.5
193 131 5 2 11.7336 0.14285714285714285
193 162 4 3 25.3166 0.16666666666666666
193 375 5 8 222920.4234 0.5
193 422 1 7 3153.9539 0.5
193 718 8 8 348994.7485 0.3333333333333333
193 775 1 7 13697.8335 0.3333333333333333
194 321 5 10 19610346.3447 0.14285714285714285
194 592 6 1 7.4697 0.125
194 677 9 4 192.836 0.3333333333333333
196 81 3 6 3910.6124 0.16666666666666666
196 286 8 6 3691.0086 0.25
196 377 5 9 1005768.8618 0.3333333333333333
197 61 7 2 16.1371 0.5
197 100 7 6 5091.9296 0.14285714285714285
197 297 7 10 297437632.5671 0.5
197 592 9 5 1007.0763 0.125
197 611 8 9 964310.8539 0.25
197 769 8 5 739.5769 0.125
198 3 8 4 200.3682 0.06666666666666667
198 196 9 5 901.1829 0.2
198 812 8 6 5575.9664 0.3333333333333333
200 146 5 10 15882202.0021 0.125
200 445 3 10 4517717.258 1.0
200 577 5 3 30.7754 0.14285714285714285
200 924 10 1 11.5397 1.0
201 39 5 3 31.1687 0.125
201 98 5 6 2800.6515 0.16666666666666666
201 140 6 8 469337.4165 0.2
202 11 3 5 288.7188 0.1111111111111111
203 654 8 7 26748.6264 1.0
204 6 10 7 42758.6355 0.058823529411764705
204 520 1 8 28303.6922 0.09090909090909091
205 457 10 8 297387.3534 0.3333333333333333
206 80 3 10 2845803.8907 0.09090909090909091
206 530 6 9 605926.6082 0.16666666666666666
208 12 3 9 810355.3518 0.1111111111111111
208 14 7 3 42.6649 0.25
208 88 10 10 14144617.019 0.5
208 534 2 4 46.2111 0.3333333333333333
209 55 8 7 34961.7344 0.5
209 513 3 10 3022539.6661 0.1111111111111111
209 564 5 9 2212840.146 1.0
210 1 7 5 1192.3056 0.05263157894736842
210 882 10 9 1276335.0667 1.0
211 4 7 4 163.8939 0.045454545454545456
212 34 3 8 59938.0259 0.06666666666666667
212 69 9 1 10.5548 0.14285714285714285
212 112 3 9 728226.1376 0.125
212 262 8 6 8564.6657 0.25
212 285 8 4 176.1471 0.3333333333333333
212 673 9 4 199.8459 0.16666666666666666
213 64 7 1 8.4458 0.05555555555555555
214 369 6 9 1128301.3354 0.3333333333333333
214 585 2 1 3.5388 0.3333333333333333
216 66 3 9 1658481.1289 0.14285714285714285
216 138 7 3 47.6159 0.16666666666666666
216 792 7 9 3030968.1959 0.5
217 923 6 8 238421.2974 1.0
218 86 8 7 25145.1735 0.3333333333333333
219 389 8 7 27160.8523 0.16666666666666666
220 176 6 7 29067.0589 0.16666666666666666
220 658 10 1 11.7077 0.5
222 532 2 4 49.9927 0.16666666666666666
222 852 7 10 38214985.6604 0.5
225 257 2 4 48.6759 0.1
225 316 4 9 1906871.4768 0.2
225 948 5 6 5095.9131 0.5
226 35 2 10 3008117.7941 0.2
226 157 6 8 128098.5519 0.5
227 336 1 2 3.5938 0.2
227 592 6 10 9027452.8243 0.125
227 838 4 4 101.5979 1.0
228 32 7 3 42.1254 0.058823529411764705
228 294 2 4 51.6822 0.25
230 9 8 4 186.8222 0.08333333333333333
231 261 1 2 3.6822 0.16666666666666666
231 290 6 10 8736802.9871 0.2
232 5 3 9 555267.9085 0.07692307692307693
232 65 7 2 16.224 0.1111111111111111
232 80 5 8 285365.5309 0.09090909090909091
232 130 8 7 41137.4663 0.125
232 480 3 9 1268955.0379 0.25
233 212 1 4 25.5363 0.2
233 912 10 3 61.0755 0.14285714285714285
233 973 3 10 10129254.7305 0.5
234 848 8 6 4828.0209 0.25
234 917 5 9 1822530.1258 0.5
235 281 1 3 8.422 0.2
235 645 8 7 23701.6632 0.25
237 91 9 7 34991.7941 0.3333333333333333
238 620 5 5 574.6475 0.5
238 642 7 4 179.8117 0.16666666666666666
239 370 1 10 2768529.4363 0.14285714285714285
239 560 3 4 76.2113 0.2
240 18 3 7 11536.9224 0.08333333333333333
240 66 8 1 9.4849 0.14285714285714285
240 799 3 10 2137846.4842 1.0
240 914 9 3 52.2026 0.2
241 206 4 10 3044255.7681 0.5
241 245 6 1 7.463 0.5
242 156 5 3 28.5538 0.125
244 33 5 5 1206.1327 0.09090909090909091
244 356 6 4 151.4409 0.25
244 932 1 5 120.115 0.14285714285714285
245 705 2 3 14.087 0.2
246 64 4 6 5720.8029 0.05555555555555555
247 626 9 2 19.9159 1.0
248 0 2 5 181.9059 0.05
248 290 2 5 224.926 0.2
248 557 6 4 128.7322 0.25
248 902 2 5 175.3754 0.14285714285714285
250 46 8 2 17.2247 0.5
253 636 4 10 6966952.2242 0.5
256 1 3 5 357.5229 0.05263157894736842
256 4 8 8 189103.3822 0.045454545454545456
256 5 7 3 44.289 0.07692307692307693
256 68 2 2 5.6684 0.09090909090909091
256 69 1 4 31.1223 0.14285714285714285
256 97 5 5 530.1434 0.14285714285714285
256 160 6 8 105298.5797 0.09090909090909091
256 212 2 10 62212949.774 0.2
256 243 1 10 746981.4377 1.0
256 262 10 10 9599735.1717 0.25
256 312 5 10 42665281.7644 0.3333333333333333
256 344 4 2 9.422 0.3333333333333333
256 416 7 3 45.5483 0.14285714285714285
256 512 7 7 40324.8685 0.05555555555555555
256 522 10 7 41052.5624 0.1111111111111111
256 616 4 6 2663.9597 0.5
256 705 1 10 1094808.2989 0.2
256 764 1 2 3.7203 1.0
256 772 7 4 170.0359 0.25
256 804 9 7 66834.9527 1.0
256 904 9 10 15725282.9971 0.5
256 963 7 8 127420.1978 0.5
256 992 1 8 21455.1484 0.3333333333333333
257 0 7 1 8.5838 0.05
257 156 8 10 8368608.5635 0.125
257 268 6 6 5855.0676 0.2
257 272 7 7 31896.4832 0.1
257 544 5 1 6.5238 0.16666666666666666
257 680 9 2 19.5911 0.3333333333333333
257 806 6 10 26206827.5984 0.25
257 912 2 8 137215.0201 0.14285714285714285
257 920 4 1 5.5293 0.3333333333333333
257 945 8 5 846.417 0.3333333333333333
258 24 10 10 35911583.2904 0.06666666666666667
258 34 2 9 1211772.7886 0.06666666666666667
258 36 10 10 12090070.1991 0.06666666666666667
258 138 9 4 191.61 0.16666666666666666
258 265 4 7 20442.1646 0.14285714285714285
258 673 6 6 3628.4198 0.16666666666666666
258 810 2 8 69990.558 0.3333333333333333
258 880 10 1 11.4574 0.5
259 7 10 5 1491.98 0.16666666666666666
259 100 6 6 5987.1347 0.14285714285714285
259 165 6 8 245282.3859 0.2
259 226 6 1 7.571 0.125
259 268 3 1 4.5479 0.2
259 327 5 5 674.3036 0.5
259 532 9 9 1539219.6732 0.16666666666666666
260 131 9 2 19.401 0.14285714285714285
260 256 9 7 68220.4502 0.08333333333333333
260 295 3 4 74.253 1.0
260 522 7 10 6981428.429 0.1111111111111111
260 545 1 1 2.579 0.16666666666666666
260 678 8 9 2501793.0899 0.5
260 978 6 8 637369.1541 0.3333333333333333
261 8 5 2 11.9033 0.0625
261 67 10 1 11.3649 0.14285714285714285
261 72 4 4 87.8137 0.1111111111111111
261 356 4 5 438.6945 0.25
261 672 9 3 52.9552 0.16666666666666666
261 995 9 10 106918352.8003 1.0
262 32 4 8 234074.1082 0.058823529411764705
262 134 8 4 201.0301 0.1
262 193 5 10 10211393.6644 0.2
262 256 3 7 11241.7846 0.08333333333333333
262 906 8 6 5228.731 0.5
262 1013 3 7 18118.8882 1.0
264 1 6 9 5364357.0726 0.05263157894736842
264 4 10 9 1082633.7094 0.045454545454545456
264 296 6 6 4787.518 0.2
264 320 7 8 247603.3134 0.14285714285714285
264 568 3 6 2417.6619 0.5
265 264 3 3 20.3097 0.14285714285714285
265 339 10 9 1197121.3782 0.25
265 632 9 9 1212178.1185 0.5
266 11 7 3 43.7251 0.1111111111111111
266 56 1 10 1192566.1428 1.0
266 242 7 7 32124.0067 1.0
266 272 2 3 14.4967 0.1
266 326 4 10 3952316.4326 0.25
266 336 6 1 7.6552 0.2
266 504 2 10 4601055.0019 1.0
267 523 5 8 213965.7833 0.16666666666666666
267 581 5 10 4908610.8452 0.3333333333333333
268 12 10 7 72299.0461 0.1111111111111111
268 34 9 5 1052.5026 0.06666666666666667
268 177 4 1 5.501 0.3333333333333333
268 192 7 7 46769.7277 0.125
268 512 8 9 1913418.0475 0.05555555555555555
268 524 8 10 22177588.0601 0.16666666666666666
268 577 3 8 205566.4035 0.14285714285714285
269 444 5 1 6.5039 0.5
269 640 6 9 1432678.5391 0.09090909090909091
270 73 5 4 126.2798 0.16666666666666666
270 532 1 4 25.1991 0.16666666666666666
270 642 4 5 444.6789 0.16666666666666666
272 41 9 2 19.5301 0.3333333333333333
272 162 7 3 46.4405 0.16666666666666666
272 208 6 9 996730.9857 0.14285714285714285
272 225 5 3 32.8519 0.5
272 234 5 1 6.5377 0.3333333333333333
272 259 3 4 69.9469 0.14285714285714285
272 280 1 3 8.1967 0.14285714285714285
272 378 9 6 7800.9517 1.0
272 520 6 10 6106206.995 0.09090909090909091
272 554 5 1 6.5206 0.25
272 640 8 5 1052.9644 0.09090909090909091
272 684 5 2 11.8235 0.25
272 899 10 9 5661505.747 0.25
273 47 1 1 2.5891 0.2
273 581 8 8 233024.0455 0.3333333333333333
273 693 3 5 358.0355 1.0
273 809 10 10 93864065.199 0.5
273 903 1 8 36788.3273 1.0
274 98 7 1 8.4929 0.16666666666666666
274 334 7 6 3819.9973 0.5
275 4 10 6 8111.5289 0.045454545454545456
275 16 9 3 55.4458 0.07692307692307693
275 116 8 9 2220944.5532 0.2
275 133 3 2 7.5526 0.14285714285714285
275 401 10 3 61.0606 0.16666666666666666
275 485 4 7 21236.2491 0.3333333333333333
275 512 6 1 7.5046 0.05555555555555555
276 288 2 9 237138.7361 0.08333333333333333
276 392 3 3 19.293 0.14285714285714285
276 394 7 6 4860.5928 0.5
276 538 6 10 23448260.3293 0.3333333333333333
276 628 6 8 304403.2908 0.3333333333333333
276 661 4 3 25.4896 0.25
277 8 3 8 157882.5187 0.0625
277 27 6 5 749.62 0.5
277 128 7 1 8.5093 0.14285714285714285
277 385 7 3 44.0328 0.16666666666666666
278 258 5 1 6.5724 0.1
279 18 5 4 122.7303 0.08333333333333333
279 901 9 3 59.3019 0.25
280 36 10 3 58.1904 0.06666666666666667
280 82 8 2 17.2425 0.25
280 600 3 1 4.5417 0.2
280 674 9 7 47168.5924 0.3333333333333333
281 101 2 9 321418.1453 0.25
282 136 1 5 176.1702 0.2
282 576 8 6 5406.0175 0.08333333333333333
282 717 4 6 6062.4195 0.3333333333333333
282 787 10 2 21.6539 0.3333333333333333
283 35 4 4 92.4662 0.2
283 514 9 1 10.5273 0.07692307692307693
284 835 10 1 11.1812 1.0
285 104 6 3 39.5478 0.09090909090909091
286 12 7 9 3147366.3896 0.1111111111111111
286 624 1 2 3.6825 0.3333333333333333
286 832 5 7 29179.85 0.3333333333333333
287 448 8 9 1498019.8234 0.3333333333333333
287 802 2 3 14.1272 0.5
288 47 5 10 2333360.0127 0.2
288 50 6 1 7.4917 0.25
288 132 5 8 86711.6578 0.09090909090909091
288 224 3 3 19.2491 0.3333333333333333
288 292 8 7 30313.4619 0.1
288 341 5 1 6.4953 1.0
288 545 6 8 318253.7581 0.16666666666666666
288 776 9 6 5787.6596 0.1111111111111111
289 36 9 3 57.6851 0.06666666666666667
289 60 3 4 72.373 0.5
289 156 9 3 60.0899 0.125
289 345 2 6 1479.4712 1.0
289 468 7 10 6826415.7406 0.5
289 472 2 5 204.2167 0.3333333333333333
289 648 10 3 66.7652 0.2
289 753 3 7 14042.3357 1.0
289 788 3 5 412.9395 0.5
290 0 1 5 92.1904 0.05
290 258 4 2 9.5339 0.1
290 328 8 5 883.867 0.16666666666666666
290 388 10 10 22656619.3558 0.16666666666666666
291 32 3 5 406.6835 0.058823529411764705
291 610 3 9 1564980.0633 0.3333333333333333
291 768 7 1 8.4785 0.08333333333333333
291 967 6 9 1455170.782 0.5
292 7 8 8 173824.0663 0.16666666666666666
292 19 3 7 22500.4753 0.2
292 134 6 8 167040.5939 0.1
292 162 10 7 42333.1925 0.16666666666666666
292 524 5 4 122.6061 0.16666666666666666
292 593 1 3 8.3587 0.3333333333333333
293 256 7 4 159.5443 0.08333333333333333
293 960 8 6 4242.1762 0.3333333333333333
294 27 6 5 860.3911 0.5
294 742 1 3 8.4724 0.3333333333333333
294 864 8 3 48.3191 0.3333333333333333
296 57 6 8 167696.3208 0.5
296 84 7 4 163.0214 0.14285714285714285
296 131 3 10 10390335.1967 0.14285714285714285
296 231 1 9 342912.1648 0.3333333333333333
296 260 4 4 92.9716 0.125
296 288 1 4 26.1732 0.08333333333333333
296 336 4 2 9.3569 0.2
296 409 2 6 1513.271 0.25
296 516 4 10 2680615.5141 0.1
297 167 6 3 38.6388 0.25
297 325 6 6 4803.4933 0.2
297 389 2 9 840321.8115 0.16666666666666666
297 544 8 3 50.4795 0.16666666666666666
297 742 6 3 36.4685 0.3333333333333333
298 75 6 7 15459.8643 0.3333333333333333
298 800 3 6 2913.2231 0.1
299 78 4 2 9.7358 0.3333333333333333
299 291 7 8 344391.1624 0.5
300 29 6 1 7.6094 0.25
300 140 3 9 424989.3718 0.2
301 274 2 8 39457.5222 0.14285714285714285
301 777 1 3 7.7507 0.2
303 292 9 4 189.4861 0.1
304 6 3 1 4.5004 0.058823529411764705
304 8 9 6 6308.3057 0.0625
304 42 2 7 5625.0414 0.1
304 63 2 2 5.5575 0.5
304 106 1 8 19704.9143 0.2
304 212 8 5 1106.0979 0.2
304 258 10 7 33237.7867 0.1
304 292 9 7 28043.0512 0.1
305 11 5 5 764.0986 0.1111111111111111
305 34 7 7 38950.828 0.06666666666666667
305 163 1 3 7.8507 0.3333333333333333
305 576 3 9 1750697.3149 0.08333333333333333
306 36 8 6 4321.9757 0.06666666666666667
306 550 2 4 49.1831 0.5
306 918 4 3 24.8884 1.0
307 514 1 3 7.366 0.07692307692307693
308 21 1 5 125.1052 0.1111111111111111
308 583 2 10 2856639.8599 0.3333333333333333
308 640 6 9 915546.2038 0.09090909090909091
308 692 7 6 8110.4067 0.5
308 832 5 8 115634.3053 0.3333333333333333
308 848 8 8 194056.6488 0.25
309 77 7 8 226676.1827 0.3333333333333333
309 774 5 1 6.5373 0.3333333333333333
310 44 5 3 30.3458 0.3333333333333333
310 936 5 6 3186.2766 0.2
312 514 4 1 5.5145 0.07692307692307693
314 109 3 5 346.5851 0.3333333333333333
314 156 2 4 51.2238 0.125
314 376 9 3 54.7459 0.2
314 518 1 10 2538317.4254 0.2
315 739 7 2 15.1746 1.0
316 452 1 6 434.7731 0.25
318 532 7 5 933.7455 0.16666666666666666
318 914 7 9 2240253.3449 0.2
320 29 3 9 1080837.8991 0.25
320 315 3 6 1674.3749 0.5
320 407 7 9 1042134.7847 1.0
320 428 4 5 418.1707 1.0
320 468 5 8 132905.864 0.5
320 641 5 7 19872.5857 0.1111111111111111
320 720 2 4 52.1481 0.2
321 4 10 9 1736828.3193 0.045454545454545456
321 262 1 10 3204045.0453 0.25
321 337 4 3 24.5648 0.5
321 768 10 3 62.0819 0.08333333333333333
321 834 3 3 20.2582 0.5
321 1008 2 8 40544.33 0.5
322 0 4 2 9.5459 0.05
322 80 2 3 13.1892 0.09090909090909091
322 196 4 5 444.4731 0.2
322 272 9 10 17620523.7945 0.1
322 416 3 5 331.1297 0.14285714285714285
322 899 6 1 7.4355 0.25
322 902 10 6 6907.62 0.14285714285714285
323 360 9 8 155125.9824 0.3333333333333333
323 515 4 6 3345.895 0.16666666666666666
324 16 2 5 239.3051 0.07692307692307693
324 106 5 2 11.4424 0.2
324 167 9 5 1203.378 0.25
324 179 1 8 70148.6465 0.5
324 200 1 9 305265.2162 0.16666666666666666
324 513 2 2 5.5439 0.1111111111111111
324 530 7 2 16.3166 0.16666666666666666
325 6 1 5 115.2996 0.058823529411764705
325 74 5 4 118.8024 0.25
325 145 1 7 3965.1481 1.0
325 192 7 4 199.8579 0.125
325 614 3 5 386.6107 0.25
325 720 4 4 101.0129 0.2
326 11 6 3 36.1502 0.1111111111111111
326 16 8 6 4865.7035 0.07692307692307693
326 32 6 1 7.5593 0.058823529411764705
326 116 9 7 46117.8857 0.2
326 280 6 9 1955912.5745 0.14285714285714285
326 443 4 6 3212.1735 1.0
327 675 9 1 10.4546 0.5
327 698 3 3 19.159 1.0
328 45 8 2 17.7844 0.25
328 853 7 1 8.4024 0.5
329 35 5 10 16356954.6522 0.2
329 258 1 6 566.1854 0.1
329 836 4 3 25.5214 0.2
330 8 1 1 2.5784 0.0625
330 204 4 7 12049.0977 0.25
331 512 2 9 542416.9128 0.05555555555555555
332 456 3 1 4.501 0.2
332 643 5 8 166275.029 0.3333333333333333
334 265 2 6 1260.5265 0.14285714285714285
334 288 4 3 26.1485 0.08333333333333333
335 83 6 5 652.2706 1.0
335 391 4 8 351600.7103 0.3333333333333333
336 18 7 8 200122.9799 0.08333333333333333
336 100 6 2 13.5746 0.14285714285714285
336 576 8 8 1843024.0361 0.08333333333333333
336 632 2 9 564739.9388 0.5
337 352 2 7 10016.451 0.16666666666666666
337 768 1 3 7.5572 0.08333333333333333
337 833 2 2 5.72 0.25
338 33 7 6 4339.5462 0.09090909090909091
338 160 9 1 10.6782 0.09090909090909091
338 169 10 8 569768.6596 0.25
339 42 2 4 48.1099 0.1
340 0 9 5 1240.8899 0.05
340 106 7 1 8.4997 0.2
340 704 2 9 318685.6113 0.3333333333333333
340 763 3 2 7.9191 1.0
341 576 10 9 3479501.2405 0.08333333333333333
342 15 2 3 12.6741 0.25
342 168 1 6 494.7428 0.16666666666666666
342 272 1 9 144394.0787 0.1
342 536 4 4 100.1988 0.16666666666666666
343 475 4 8 66462.9683 1.0
344 188 10 2 21.1444 0.3333333333333333
344 676 1 3 7.9768 0.5
345 32 1 4 27.6036 0.058823529411764705
345 728 6 8 101405.4136 0.5
345 992 1 4 29.8513 0.3333333333333333
346 11 3 5 356.1987 0.1111111111111111
346 89 10 8 278649.9387 0.3333333333333333
347 11 5 7 16347.4611 0.1111111111111111
347 149 7 8 164340.8032 1.0
347 296 7 4 160.6035 0.2
347 313 10 7 40997.9003 0.16666666666666666
348 128 8 1 9.4784 0.14285714285714285
348 395 4 3 25.8532 1.0
349 12 8 9 2354296.5233 0.1111111111111111
352 409 10 6 7761.265 0.25
352 419 6 1 7.548 1.0
352 514 8 8 115116.1265 0.07692307692307693
352 680 8 8 390123.3655 0.3333333333333333
352 794 10 5 1103.1728 0.5
352 860 7 1 8.4527 1.0
353 138 7 2 15.4057 0.16666666666666666
353 389 7 7 23040.7133 0.16666666666666666
353 684 4 9 736809.0151 0.25
354 25 3 1 4.5256 0.16666666666666666
354 30 9 9 3593852.6642 0.3333333333333333
354 288 1 3 7.5155 0.08333333333333333
354 836 1 6 558.4566 0.2
354 969 8 6 7741.6257 1.0
355 134 8 9 1016319.9121 0.1
355 634 7 4 169.4524 0.25
356 800 1 7 5176.3062 0.1
357 433 3 5 363.0879 0.16666666666666666
357 641 8 6 7985.9408 0.1111111111111111
357 690 3 2 7.6561 1.0
358 3 4 7 35113.6516 0.06666666666666667
358 168 5 7 25549.8733 0.16666666666666666
358 197 6 10 12524597.7903 0.2
360 514 8 3 45.9404 0.07692307692307693
360 555 9 4 209.0263 0.2
360 732 7 1 8.5464 0.3333333333333333
360 784 8 2 17.842 0.16666666666666666
360 810 8 2 18.4504 0.3333333333333333
361 266 3 7 13143.1742 0.16666666666666666
361 316 5 2 11.661 0.2
362 34 1 5 131.846 0.06666666666666667
363 162 9 6 4088.8946 0.16666666666666666
363 424 5 8 138751.3922 0.5
364 740 4 2 9.7982 1.0
366 657 9 2 20.1547 0.2
368 49 10 2 21.6752 0.5
368 738 7 10 11052920.9968 0.5
368 925 2 3 14.6377 1.0
371 112 2 8 66315.5587 0.125
371 705 6 7 26318.0075 0.2
371 772 3 5 416.8425 0.25
372 352 8 3 50.0537 0.16666666666666666
375 77 5 10 3591923.0007 0.3333333333333333
376 193 5 3 30.8056 0.2
379 333 10 9 906064.5259 0.5
380 339 8 1 9.5317 0.25
381 531 8 2 17.2435 0.25
382 562 3 10 4724051.1992 0.3333333333333333
384 5 5 7 23490.9944 0.07692307692307693
384 6 8 6 4815.1322 0.058823529411764705
384 156 3 7 10904.1825 0.125
384 168 4 5 421.8017 0.16666666666666666
384 312 9 8 190387.35 0.3333333333333333
384 332 2 6 1242.9847 0.16666666666666666
384 423 8 8 288755.833 0.5
384 457 10 10 24546904.2101 0.3333333333333333
384 481 9 10 11694285.0494 0.14285714285714285
384 531 5 9 453868.8699 0.25
384 571 8 4 209.1389 0.5
384 597 6 5 610.7508 0.3333333333333333
384 692 4 7 11804.7372 0.5
384 841 2 1 3.5453 0.3333333333333333
384 962 2 5 232.7952 0.5
385 2 2 10 2316696.699 0.07142857142857142
385 75 4 8 98874.8251 0.3333333333333333
385 213 4 1 5.5407 1.0
385 214 6 10 19099111.331 1.0
385 513 2 9 357819.5226 0.1111111111111111
385 563 4 10 6606737.8359 1.0
386 64 8 2 17.1669 0.05555555555555555
386 73 5 9 723310.9865 0.16666666666666666
386 158 3 5 381.5435 1.0
386 160 7 9 2313385.9652 0.09090909090909091
386 206 5 3 30.3113 0.5
386 275 2 8 37559.9659 1.0
386 681 7 1 8.4709 0.5
386 846 4 7 12426.4375 0.5
386 849 9 6 6403.7095 1.0
386 912 7 10 10020553.1906 0.14285714285714285
387 147 4 7 28498.2226 0.3333333333333333
387 297 9 9 9732219.1442 0.5
387 545 4 3 25.0627 0.16666666666666666
387 1016 4 4 111.7709 1.0
388 332 3 2 7.5634 0.16666666666666666
389 596 10 9 2712906.0731 0.3333333333333333
390 566 3 2 7.6679 0.25
391 8 2 8 71762.4111 0.0625
391 461 8 2 17.0851 0.5
391 800 2 9 906918.0877 0.1
392 38 9 4 192.4997 0.3333333333333333
392 336 8 8 169188.7827 0.2
392 553 10 6 6371.9498 1.0
392 674 4 6 2288.8288 0.3333333333333333
393 461 10 7 59448.9356 0.5
393 577 10 5 1170.7054 0.14285714285714285
394 80 1 1 2.5819 0.09090909090909091
394 211 9 8 268772.7841 0.16666666666666666
394 590 7 7 27208.1314 0.5
395 4 4 3 27.6289 0.045454545454545456
395 558 10 8 727453.2826 1.0
395 647 7 7 24374.9949 0.3333333333333333
396 6 6 4 143.7676 0.058823529411764705
396 454 4 4 88.1606 1.0
396 536 1 3 7.9978 0.16666666666666666
396 546 3 7 17117.9391 0.25
396 777 1 8 47040.4017 0.2
396 915 1 10 1401344.9158 1.0
396 960 10 10 11679225.2112 0.3333333333333333
397 132 9 9 1844784.9869 0.09090909090909091
397 305 10 4 240.6888 1.0
397 518 8 2 17.4087 0.2
398 943 2 5 249.6402 1.0
399 9 9 9 4050993.3256 0.08333333333333333
400 10 6 10 14913062.5373 0.08333333333333333
400 21 4 1 5.5323 0.1111111111111111
400 144 10 7 44947.6135 0.1111111111111111
400 712 3 6 1485.8305 0.3333333333333333
401 16 9 4 188.6276 0.07692307692307693
401 58 2 3 13.7317 0.16666666666666666
401 277 2 8 99263.6889 0.25
401 284 4 8 127648.375 0.3333333333333333
401 673 6 1 7.5047 0.16666666666666666
401 932 8 2 17.5111 0.14285714285714285
402 68 1 4 26.1657 0.09090909090909091
402 80 8 5 894.2063 0.09090909090909091
402 769 8 1 9.4676 0.125
403 20 7 4 166.374 0.08333333333333333
403 98 8 8 246346.3948 0.16666666666666666
404 209 7 7 28230.5347 0.5
404 298 1 2 3.6936 1.0
405 160 7 2 14.9159 0.09090909090909091
406 677 2 5 201.2949 0.3333333333333333
406 928 9 4 227.1154 0.2
407 591 5 8 98207.4316 0.5
408 66 7 5 887.7662 0.14285714285714285
408 405 10 9 2089600.7544 0.5
408 576 10 3 61.557 0.08333333333333333
409 66 5 9 1212545.635 0.14285714285714285
409 105 6 8 252653.5387 0.25
409 417 4 6 1820.2996 1.0
409 888 9 8 203431.6467 0.5
410 520 8 3 47.1669 0.09090909090909091
411 20 7 7 29886.733 0.08333333333333333
412 6 5 10 10297173.4429 0.058823529411764705
413 640 7 2 15.3744 0.09090909090909091
414 932 5 1 6.4776 0.14285714285714285
415 101 7 6 5545.7385 0.25
416 52 1 9 149147.0336 0.1111111111111111
416 279 10 8 141501.8088 1.0
416 292 6 3 37.3111 0.1
416 531 9 4 192.3214 0.25
416 832 6 1 7.4468 0.3333333333333333
417 577 5 2 11.8036 0.14285714285714285
418 16 7 5 805.1676 0.07692307692307693
419 7 3 8 80868.1547 0.16666666666666666
419 62 4 8 139506.1577 1.0
419 844 5 3 30.7708 0.3333333333333333
420 32 1 7 3353.1807 0.058823529411764705
420 114 10 5 1133.0734 0.5
420 288 7 6 4265.4214 0.08333333333333333
420 424 1 1 2.5842 0.5
420 538 5 2 11.5562 0.3333333333333333
420 545 2 5 247.5339 0.16666666666666666
421 400 7 6 4946.5585 0.5
422 736 5 8 1290661.3719 0.3333333333333333
423 384 6 2 13.6087 0.25
423 651 9 6 5270.6339 1.0
424 481 3 10 7691724.376 0.14285714285714285
425 161 8 9 1781122.7266 0.16666666666666666
425 261 3 5 371.8759 0.16666666666666666
425 746 2 9 552205.0895 1.0
425 776 4 9 851272.3683 0.1111111111111111
426 644 2 9 481937.4814 0.16666666666666666
427 580 2 2 5.5532 0.3333333333333333
428 32 1 4 22.9538 0.058823529411764705
428 194 7 6 3662.1282 0.25
428 620 3 3 19.7916 0.5
428 880 8 6 3964.6718 0.5
430 8 6 10 12438950.8338 0.0625
430 68 7 8 228413.2002 0.09090909090909091
430 203 8 9 1293086.4622 0.25
433 24 1 9 192464.3705 0.06666666666666667
433 197 9 6 5050.5967 0.2
433 398 9 6 4862.1324 0.5
434 734 7 7 42837.8662 1.0
436 597 5 7 34614.0086 0.3333333333333333
436 641 6 10 5177538.4564 0.1111111111111111
437 2 8 4 212.5519 0.07142857142857142
441 21 4 8 85715.7544 0.1111111111111111
442 146 8 5 1012.9299 0.125
442 691 6 10 15584836.6031 1.0
444 769 7 6 5173.9439 0.125
444 801 2 8 100515.5033 0.16666666666666666
448 92 5 4 126.6687 0.5
448 513 2 4 52.3098 0.1111111111111111
448 655 10 2 22.1916 1.0
449 321 1 1 2.582 0.14285714285714285
450 450 1 9 164021.8927 0.2
452 48 9 3 54.946 0.09090909090909091
452 136 7 5 785.6029 0.2
452 205 3 10 4878598.9903 0.25
452 488 4 8 66335.0176 1.0
452 512 8 5 793.6706 0.05555555555555555
452 513 8 2 16.8304 0.1111111111111111
453 368 4 7 29754.2123 0.3333333333333333
453 661 8 6 4042.5596 0.25
454 9 4 4 113.2903 0.08333333333333333
454 437 7 2 15.4086 0.5
454 634 5 1 6.6217 0.25
454 782 2 3 15.0769 0.5
455 640 7 9 1223609.9095 0.09090909090909091
456 105 9 8 237874.5221 0.25
456 367 6 1 7.4367 1.0
456 376 2 3 13.8876 0.2
456 774 5 7 21924.7139 0.3333333333333333
457 906 4 7 21110.3693 0.5
458 101 8 4 227.0176 0.25
458 743 9 10 34447767.2482 0.5
460 197 1 4 22.8576 0.2
460 462 2 5 271.2407 0.5
460 566 1 4 27.3946 0.25
461 625 7 4 192.4181 1.0
461 901 10 9 1463586.3959 0.25
462 516 1 6 606.7448 0.1
462 641 2 7 7949.8527 0.1111111111111111
463 916 10 1 11.6877 0.3333333333333333
464 265 6 8 205190.6398 0.14285714285714285
464 928 3 3 20.8279 0.2
465 531 9 6 6424.8977 0.25
465 761 5 5 589.3393 0.3333333333333333
465 902 7 3 42.9979 0.14285714285714285
466 58 1 6 727.065 0.16666666666666666
467 211 3 1 4.5297 0.16666666666666666
467 300 10 7 48120.1418 0.25
469 425 10 2 22.04 0.5
470 713 9 8 111322.0969 0.25
472 226 2 6 1657.2718 0.125
472 256 3 8 81906.9576 0.08333333333333333
472 801 3 7 14258.3402 0.16666666666666666
473 6 5 4 124.325 0.058823529411764705
473 600 5 5 859.959 0.2
473 800 2 9 335699.0195 0.1
476 775 7 1 8.5248 0.3333333333333333
480 0 3 4 69.9983 0.05
480 665 5 2 11.6542 1.0
480 731 8 5 999.6757 1.0
480 928 7 7 37244.4939 0.2
481 288 6 8 131032.8121 0.08333333333333333
481 416 10 7 21624.8941 0.14285714285714285
482 64 3 1 4.5818 0.05555555555555555
482 208 2 6 1289.0558 0.14285714285714285
482 285 10 9 1994821.5774 0.3333333333333333
483 276 1 7 4852.2521 0.125
483 555 3 5 339.8026 0.2
484 841 3 6 2909.8341 0.3333333333333333
485 134 10 8 288043.0102 0.1
488 3 3 3 19.2005 0.06666666666666667
488 269 3 3 20.1927 0.5
488 334 8 9 1153927.9146 0.5
488 565 3 1 4.5235 0.2
489 64 4 4 96.2157 0.05555555555555555
491 112 10 9 2018048.8261 0.125
496 433 9 1 10.4057 0.16666666666666666
496 978 1 9 176767.136 0.3333333333333333
501 519 7 9 3093109.6462 1.0
504 267 9 10 16351681.5801 0.2
505 332 10 7 39713.5477 0.16666666666666666
506 706 6 10 8076180.7422 1.0
512 1 2 2 5.6502 0.05263157894736842
512 5 5 6 3900.9491 0.07692307692307693
512 36 6 9 1606348.1939 0.06666666666666667
512 52 9 9 2807576.5454 0.1111111111111111
512 65 2 7 6862.3504 0.1111111111111111
512 96 6 2 13.6339 0.14285714285714285
512 153 4 3 24.9915 0.5
512 173 1 9 491537.8484 0.5
512 266 7 3 42.2656 0.16666666666666666
512 420 1 3 7.7614 0.5
512 438 8 9 1377061.5153 1.0
512 453 4 2 9.5736 0.25
512 482 5 1 6.5031 0.3333333333333333
512 514 2 2 5.6019 0.07692307692307693
512 522 8 1 9.567 0.1111111111111111
512 685 9 1 10.4521 1.0
512 936 2 3 13.232 0.2
513 5 2 1 3.5431 0.07692307692307693
513 42 4 3 27.692 0.1
513 47 3 6 2000.5662 0.2
513 65 3 8 444487.4106 0.1111111111111111
513 100 10 1 11.6747 0.14285714285714285
513 112 5 1 6.4743 0.125
513 304 8 8 222409.7586 0.2
513 315 10 2 21.4762 0.5
513 340 4 4 100.8818 1.0
513 548 5 3 33.0167 0.2
513 640 10 2 21.1917 0.09090909090909091
513 644 8 6 5625.6071 0.16666666666666666
514 4 3 4 71.0996 0.045454545454545456
514 11 1 10 9369435.5322 0.1111111111111111
514 36 9 2 19.1989 0.06666666666666667
514 160 3 4 71.5388 0.09090909090909091
514 401 7 1 8.4662 0.16666666666666666
514 452 5 7 22219.756 0.25
514 522 10 8 205156.2803 0.1111111111111111
514 572 4 6 2939.1285 0.2
514 780 4 7 18498.3157 0.3333333333333333
515 93 6 4 138.524 1.0
515 157 3 6 2211.5175 0.5
515 273 7 1 8.4487 0.2
515 598 9 9 1047096.2243 0.3333333333333333
516 33 3 5 328.4877 0.09090909090909091
516 69 1 10 4055166.1538 0.14285714285714285
516 72 2 1 3.5106 0.1111111111111111
516 169 7 4 139.7834 0.25
516 357 2 5 216.8669 0.5
516 385 4 6 4126.3559 0.16666666666666666
516 442 5 6 3419.5522 1.0
516 555 1 1 2.5817 0.2
516 582 1 4 27.2889 0.25
516 605 8 7 22234.6263 0.5
516 779 2 5 227.321 0.2
516 785 4 6 2338.6459 0.25
517 0 5 4 136.8955 0.05
517 3 7 4 165.0533 0.06666666666666667
517 8 8 2 17.3888 0.0625
517 34 4 4 84.7818 0.06666666666666667
517 132 6 9 1341213.4823 0.09090909090909091
517 177 2 9 529863.6982 0.3333333333333333
517 233 4 3 26.1445 1.0
517 281 5 8 186773.9528 0.2
517 525 3 1 4.5235 0.25
517 534 4 5 505.4492 0.3333333333333333
517 672 7 2 16.0699 0.16666666666666666
517 676 5 9 902407.7451 0.5
517 768 8 8 475083.4184 0.08333333333333333
518 0 2 6 996.05 0.05
518 41 10 1 11.4601 0.3333333333333333
518 66 2 3 13.6498 0.14285714285714285
518 517 5 2 11.7416 0.14285714285714285
519 517 8 8 415422.8592 0.14285714285714285
519 944 3 4 73.3281 0.5
519 967 6 5 902.0331 0.5
520 9 8 8 238374.4325 0.08333333333333333
520 94 2 9 319294.2063 0.25
520 164 4 4 99.4099 0.5
520 296 3 1 4.5419 0.2
520 328 2 8 93932.4543 0.16666666666666666
520 436 8 6 4547.9804 1.0
520 785 5 2 11.6087 0.25
520 812 2 4 48.0776 0.3333333333333333
520 896 4 6 4122.2663 0.5
521 81 6 10 24002002.6249 0.16666666666666666
521 131 6 8 149661.6891 0.14285714285714285
521 229 7 6 3742.9639 0.5
521 450 3 5 390.6061 0.2
521 546 10 6 8327.4527 0.25
521 554 10 4 246.5987 0.25
521 560 5 1 6.4979 0.2
521 609 1 10 15472887.3691 0.5
522 1 8 1 9.6202 0.05263157894736842
522 121 8 8 157131.4096 0.5
522 234 5 10 23324948.3497 0.3333333333333333
522 549 10 10 42804096.0704 0.25
522 652 2 7 13312.5187 0.2
523 650 3 9 1535526.1487 0.5
524 159 4 8 491672.7204 1.0
524 173 1 1 2.5781 0.5
524 520 1 5 97.6055 0.09090909090909091
525 134 10 8 384358.978 0.1
525 820 9 10 21066543.0823 0.3333333333333333
526 548 7 1 8.497 0.2
526 776 6 2 13.8228 0.1111111111111111
527 36 2 3 12.7387 0.06666666666666667
527 713 4 5 419.6952 0.25
528 10 7 9 956758.5288 0.08333333333333333
528 33 5 1 6.4785 0.09090909090909091
528 36 10 1 11.5972 0.06666666666666667
528 97 6 4 143.0321 0.14285714285714285
528 144 6 10 9648584.4575 0.1111111111111111
528 156 5 2 11.5281 0.125
528 171 3 2 7.4911 0.5
528 344 9 5 1100.1813 0.3333333333333333
528 406 7 10 7818408.4957 1.0
528 512 10 5 1548.9512 0.05555555555555555
528 580 1 8 35280.7404 0.3333333333333333
528 582 8 7 24623.3436 0.25
528 611 4 4 97.121 0.25
528 720 1 8 116483.6389 0.2
528 801 10 9 4737578.4427 0.16666666666666666
529 16 7 9 1056202.2925 0.07692307692307693
529 148 7 9 1520391.5878 0.14285714285714285
529 260 7 2 15.8136 0.125
529 423 4 6 2371.9777 0.5
529 517 5 1 6.5066 0.14285714285714285
529 520 1 6 675.3484 0.09090909090909091
529 737 4 4 105.7272 1.0
529 836 6 6 3576.4992 0.2
530 20 3 10 3679843.849 0.08333333333333333
530 86 7 4 154.9628 0.3333333333333333
530 132 6 1 7.473 0.09090909090909091
530 278 9 2 20.8716 0.2
530 325 7 1 8.5451 0.2
530 522 6 7 23973.9982 0.1111111111111111
530 696 7 3 43.9729 0.5
532 11 5 10 9008923.6685 0.1111111111111111
532 134 6 8 914864.5303 0.1
532 292 8 7 28073.757 0.1
532 550 4 6 2288.1275 0.5
532 853 2 7 10429.6806 0.5
533 5 8 7 79937.6324 0.07692307692307693
533 37 8 6 3702.3294 0.16666666666666666
533 787 7 8 183538.3827 0.3333333333333333
534 6 9 7 45733.8243 0.058823529411764705
534 425 5 7 24109.8657 0.5
534 786 7 7 30394.4635 0.16666666666666666
534 928 9 2 20.1916 0.2
534 932 9 9 1696076.2888 0.14285714285714285
535 10 9 9 2034402.5135 0.08333333333333333
536 10 6 8 201130.3288 0.08333333333333333
536 244 2 1 3.5379 0.5
536 412 4 2 9.7362 1.0
536 687 7 1 8.4504 1.0
536 902 8 7 66453.3978 0.14285714285714285
537 99 5 4 136.746 1.0
537 138 3 3 19.3809 0.16666666666666666
537 257 9 5 1051.8358 0.1
537 478 7 5 700.4513 1.0
538 74 8 6 4762.2855 0.25
538 84 1 4 26.2317 0.14285714285714285
538 820 7 5 718.9151 0.3333333333333333
540 256 1 3 7.5866 0.08333333333333333
540 481 6 8 177071.6119 0.14285714285714285
541 344 5 9 482375.6728 0.3333333333333333
541 793 1 9 3077270.5568 0.3333333333333333
544 6 3 7 9228.9337 0.058823529411764705
544 21 7 2 15.1853 0.1111111111111111
544 24 4 6 3181.4878 0.06666666666666667
544 151 6 6 8973.3275 0.5
544 160 8 9 2733618.3646 0.09090909090909091
544 401 2 6 1142.9853 0.16666666666666666
544 416 8 8 190015.968 0.14285714285714285
544 429 5 9 746620.2206 0.3333333333333333
544 536 6 5 676.6222 0.16666666666666666
544 542 2 6 1272.1466 1.0
544 551 2 2 5.4967 0.5
544 597 8 7 51110.7942 0.3333333333333333
544 718 8 10 12711288.0762 0.3333333333333333
545 209 5 7 24737.5486 0.5
545 226 7 9 3111402.357 0.125
545 520 4 1 5.5282 0.09090909090909091
545 743 3 5 353.6382 0.5
545 914 8 9 2866618.4522 0.2
546 2 4 10 17708297.1897 0.07142857142857142
546 4 5 6 4871.236 0.045454545454545456
546 263 9 6 7037.0286 0.5
546 612 8 10 25475362.3145 0.3333333333333333
546 650 9 4 214.6548 0.5
546 758 6 1 7.5204 1.0
546 900 7 2 15.5869 1.0
547 265 8 10 53654456.7054 0.14285714285714285
547 427 1 2 3.7079 0.5
547 577 5 4 113.4417 0.14285714285714285
548 141 8 2 17.837 0.2
548 169 6 6 4737.339 0.25
548 512 5 5 616.0558 0.05555555555555555
548 577 1 6 585.3741 0.14285714285714285
548 586 8 8 456702.1385 0.25
549 68 6 4 163.2735 0.09090909090909091
549 97 9 3 59.3422 0.14285714285714285
549 146 10 4 253.4256 0.125
549 288 5 7 14295.9064 0.08333333333333333
549 530 5 4 126.4493 0.16666666666666666
549 647 1 9 262264.0226 0.3333333333333333
550 36 3 6 2416.6515 0.06666666666666667
550 649 9 1 10.584 0.3333333333333333
550 800 1 1 2.5685 0.1
551 4 3 8 126957.5431 0.045454545454545456
551 40 1 8 22082.9316 0.25
551 89 2 8 48858.8928 0.3333333333333333
552 136 2 8 51367.5691 0.2
552 640 10 6 6049.9209 0.09090909090909091
552 656 2 2 5.6502 0.2
552 932 1 8 26826.0654 0.14285714285714285
553 36 7 3 40.7177 0.06666666666666667
553 102 8 2 18.0222 0.5
553 933 9 10 13923855.0578 1.0
554 4 2 4 53.9692 0.045454545454545456
554 137 7 7 17647.8497 0.25
554 296 8 1 9.4951 0.2
555 52 1 5 128.9747 0.1111111111111111
555 418 9 5 1049.4171 0.3333333333333333
556 409 4 5 420.2153 0.25
557 6 2 6 2226.7034 0.058823529411764705
557 15 5 8 87435.226 0.25
557 370 9 9 4164685.025 0.14285714285714285
557 400 8 7 60771.2923 0.5
557 512 1 7 3928.0116 0.05555555555555555
557 557 8 5 807.1383 0.25
557 770 4 8 94550.0897 0.3333333333333333
557 938 3 6 2130.4039 0.5
559 557 7 9 1325795.7687 0.25
560 18 8 8 121250.4093 0.08333333333333333
560 32 8 6 7054.2753 0.058823529411764705
560 96 6 10 12375475.2785 0.14285714285714285
560 104 7 1 8.5014 0.09090909090909091
560 168 4 1 5.4773 0.16666666666666666
560 354 1 1 2.586 0.3333333333333333
561 10 2 1 3.5314 0.08333333333333333
561 444 2 10 6815034.3328 0.5
561 521 1 3 7.498 0.2
561 786 8 3 51.0238 0.16666666666666666
561 993 1 6 671.4569 1.0
562 162 1 1 2.5719 0.16666666666666666
562 977 4 9 785846.1943 0.3333333333333333
562 992 4 10 20159883.8719 0.3333333333333333
563 20 2 3 13.0397 0.08333333333333333
563 410 1 6 749.1088 1.0
564 28 1 6 706.0463 0.16666666666666666
564 656 4 8 226040.7362 0.2
564 659 3 2 7.306 0.3333333333333333
565 105 10 4 247.6475 0.25
566 4 5 8 275057.5784 0.045454545454545456
566 44 10 9 1330500.2578 0.3333333333333333
566 132 6 2 13.4582 0.09090909090909091
567 793 5 8 134725.1891 0.3333333333333333
569 385 6 3 37.6973 0.16666666666666666
569 522 7 3 40.4336 0.1111111111111111
571 100 8 4 192.8283 0.14285714285714285
571 457 9 6 7637.0933 0.3333333333333333
572 36 9 5 916.1992 0.06666666666666667
572 64 4 1 5.4653 0.05555555555555555
572 257 2 9 356786.7964 0.1
572 370 4 3 26.6335 0.14285714285714285
572 777 9 2 20.4472 0.2
573 797 7 10 22766475.4474 0.5
573 886 6 1 7.4126 0.5
574 18 5 6 4201.4532 0.08333333333333333
574 533 4 3 24.2521 0.3333333333333333
574 696 10 2 21.7305 0.5
576 4 8 6 5573.3114 0.045454545454545456
576 5 8 6 5221.9574 0.07692307692307693
576 19 4 2 9.9039 0.2
576 48 8 2 17.1171 0.09090909090909091
576 76 4 9 1081143.2411 0.125
576 133 5 3 33.5586 0.14285714285714285
576 172 4 7 17941.5904 1.0
576 193 5 5 482.792 0.2
576 228 3 5 307.9813 0.5
576 325 9 1 10.59 0.2
576 371 8 9 760608.6777 0.5
576 525 2 10 2549361.5667 0.25
576 547 5 3 30.9918 0.25
576 607 2 10 1464588.0574 1.0
577 72 9 9 2002032.2039 0.1111111111111111
577 222 9 4 230.0181 0.5
577 236 7 5 831.7408 0.5
577 292 2 7 9688.8669 0.1
577 401 4 6 2670.8926 0.16666666666666666
577 577 4 2 9.4283 0.14285714285714285
577 661 6 10 16487442.2287 0.25
577 997 3 5 345.7067 1.0
578 26 3 3 20.0809 0.16666666666666666
578 96 9 2 19.4935 0.14285714285714285
578 120 10 6 6278.7078 0.5
578 136 5 5 576.7814 0.2
578 554 6 2 13.4902 0.25
578 572 8 1 9.3752 0.2
578 575 10 5 1284.3876 0.5
579 80 5 10 2265884.1968 0.09090909090909091
579 136 7 3 45.8477 0.2
579 621 2 6 1327.1065 1.0
579 789 6 9 2162300.79 0.5
580 64 2 7 9969.7086 0.05555555555555555
580 507 6 4 139.4347 1.0
580 528 6 8 189623.9766 0.125
580 598 4 3 25.2014 0.3333333333333333
581 645 8 2 18.0207 0.25
582 633 9 6 9545.7681 0.5
583 129 7 6 6289.6166 0.125
584 432 10 2 21.4761 1.0
584 833 9 1 10.4787 0.25
585 64 1 1 2.5974 0.05555555555555555
585 208 5 8 146662.0453 0.14285714285714285
585 217 5 1 6.5639 0.5
585 354 8 7 56643.5871 0.3333333333333333
585 389 5 5 649.3621 0.16666666666666666
586 64 6 10 6256179.6677 0.05555555555555555
586 530 9 9 975385.8126 0.16666666666666666
586 658 5 4 110.8899 0.5
587 608 2 8 30330.7195 0.14285714285714285
588 784 9 1 10.5093 0.16666666666666666
589 389 9 10 17456917.2572 0.16666666666666666
590 276 1 8 45356.1856 0.125
590 300 8 1 9.4573 0.25
590 520 1 9 295100.0199 0.09090909090909091
590 788 4 9 1220463.5739 0.5
591 147 8 5 955.8899 0.3333333333333333
592 2 3 2 7.4024 0.07142857142857142
592 4 2 7 10750.2318 0.045454545454545456
592 148 6 1 7.5112 0.14285714285714285
592 322 1 3 7.9013 0.3333333333333333
592 528 5 8 291229.829 0.125
592 566 2 1 3.5176 0.25
592 585 9 1 10.729 0.3333333333333333
592 856 3 6 1840.0468 1.0
593 429 1 9 333941.9516 0.3333333333333333
595 58 10 2 21.53 0.16666666666666666
595 557 3 3 18.7026 0.25
596 11 10 5 900.0632 0.1111111111111111
596 33 2 3 14.1591 0.09090909090909091
596 91 4 7 16589.545 0.3333333333333333
596 154 8 1 9.5862 0.5
596 385 8 2 17.9076 0.16666666666666666
597 387 10 6 4662.7642 0.3333333333333333
599 92 1 1 2.5881 0.5
599 176 8 10 33842557.4063 0.16666666666666666
599 569 10 3 58.8588 0.3333333333333333
600 68 4 3 25.3916 0.09090909090909091
600 115 7 4 172.7104 0.3333333333333333
600 562 10 9 1844831.7932 0.3333333333333333
600 573 3 5 385.5565 1.0
600 575 3 5 368.0375 0.5
601 335 10 5 1260.881 1.0
601 431 8 4 249.1484 0.3333333333333333
602 480 5 8 174145.7986 0.25
604 913 10 7 52089.2319 1.0
604 1006 4 1 5.5229 1.0
605 80 5 1 6.4938 0.09090909090909091
606 281 3 4 74.5731 0.2
606 807 5 3 34.7875 0.5
607 288 10 4 269.0248 0.08333333333333333
607 393 3 5 403.1777 0.3333333333333333
608 176 9 4 215.8333 0.16666666666666666
608 185 2 5 450.6882 0.3333333333333333
608 522 5 8 530994.8893 0.1111111111111111
608 576 4 5 473.7216 0.08333333333333333
608 648 10 3 63.3763 0.2
609 28 9 7 31040.4684 0.16666666666666666
609 210 1 8 37754.8516 0.2
609 225 2 2 5.7408 0.5
609 526 5 7 32468.5811 0.25
609 768 2 9 264910.5904 0.08333333333333333
610 24 3 6 1867.7751 0.06666666666666667
611 125 9 6 6534.9156 1.0
612 170 1 3 7.3991 0.5
612 534 4 9 385104.3704 0.3333333333333333
613 840 2 8 97960.4909 0.3333333333333333
614 265 3 8 135168.9169 0.14285714285714285
614 936 3 5 366.2744 0.2
616 81 5 3 31.1444 0.16666666666666666
616 450 6 8 157419.5588 0.2
616 806 3 8 141634.2724 0.25
617 374 2 7 13224.6838 0.5
617 908 10 7 42942.9392 1.0
618 70 7 5 760.8923 0.25
618 1004 8 3 49.4568 1.0
619 76 4 1 5.5521 0.125
619 140 8 4 189.3987 0.2
619 231 7 5 663.0316 0.3333333333333333
621 293 7 3 42.2719 0.5
623 1000 6 10 6058686.4838 1.0
624 579 8 3 50.3121 1.0
625 5 10 2 20.7799 0.07692307692307693
625 261 4 1 5.5154 0.16666666666666666
625 530 6 5 580.4174 0.16666666666666666
626 8 1 3 7.9257 0.0625
626 104 7 4 177.0918 0.09090909090909091
626 114 1 10 2853488.0436 0.5
626 528 2 3 12.6241 0.125
626 608 1 7 4505.2903 0.14285714285714285
627 3 10 5 1264.4861 0.06666666666666667
627 418 4 1 5.4999 0.3333333333333333
627 769 8 9 4672204.4813 0.125
627 977 7 10 13998657.37 0.3333333333333333
628 76 6 1 7.619 0.125
629 446 4 10 5980945.1273 0.5
629 528 7 10 9685821.1125 0.125
631 24 1 7 4745.7036 0.06666666666666667
632 18 6 2 12.9795 0.08333333333333333
633 812 5 5 625.4527 0.3333333333333333
635 546 2 4 52.262 0.25
637 73 7 6 6130.9614 0.16666666666666666
638 161 10 1 11.4002 0.16666666666666666
640 4 8 8 216015.2877 0.045454545454545456
640 6 4 2 9.33 0.058823529411764705
640 16 7 9 2016650.7915 0.07692307692307693
640 160 4 9 847324.6523 0.09090909090909091
640 181 8 1 9.579 1.0
640 246 4 7 20775.5259 1.0
640 258 8 5 1000.9767 0.1
640 369 2 7 11732.8671 0.3333333333333333
640 421 2 5 230.1784 0.5
640 467 1 1 2.583 1.0
640 525 3 3 18.8787 0.25
640 584 9 7 66527.1706 0.14285714285714285
640 659 3 9 326385.5579 0.3333333333333333
640 732 3 3 19.2084 0.3333333333333333
640 938 1 3 7.3687 0.5
640 952 9 5 946.8304 1.0
641 192 9 5 978.9394 0.125
642 512 8 4 198.4941 0.05555555555555555
642 562 4 5 582.1139 0.3333333333333333
642 724 6 4 139.3164 0.5
643 73 9 5 975.0149 0.16666666666666666
643 775 6 7 49171.8913 0.3333333333333333
644 48 6 2 13.676 0.09090909090909091
644 387 3 4 75.8808 0.3333333333333333
644 660 1 4 24.4875 0.5
644 756 1 3 7.9141 0.25
644 769 2 7 10448.0201 0.125
645 4 6 5 635.2575 0.045454545454545456
645 25 9 1 10.3987 0.16666666666666666
645 195 7 10 15370723.0873 0.3333333333333333
645 548 1 5 96.8467 0.2
645 963 8 6 4244.6637 0.5
646 289 4 8 74931.1327 0.5
646 388 9 7 48991.1165 0.16666666666666666
648 76 4 7 15028.0974 0.125
648 98 8 6 5358.8379 0.16666666666666666
648 210 4 2 9.4691 0.2
648 301 10 6 6994.206 1.0
648 369 3 9 963212.9261 0.3333333333333333
648 512 3 5 418.7699 0.05555555555555555
648 694 10 3 61.4986 1.0
648 769 6 7 24383.518 0.125
649 4 5 3 31.3116 0.045454545454545456
649 48 1 7 5571.8519 0.09090909090909091
650 108 4 4 99.3206 0.5
650 216 3 8 577865.9126 0.2
650 953 5 3 30.8131 1.0
651 290 5 1 6.5922 0.2
652 257 8 5 967.3626 0.1
652 594 3 6 1873.347 0.3333333333333333
654 129 3 5 372.6145 0.125
654 565 8 8 397154.5479 0.2
655 384 7 8 400562.1825 0.25
655 761 2 1 3.5571 0.3333333333333333
656 3 8 6 8635.6789 0.06666666666666667
656 259 8 5 858.0498 0.14285714285714285
656 278 3 3 19.1454 0.2
656 370 8 7 40000.1836 0.14285714285714285
656 833 4 4 90.4684 0.25
657 79 4 4 98.9989 1.0
657 201 7 7 21457.2342 1.0
658 10 3 9 470942.8827 0.08333333333333333
658 26 3 6 1651.1119 0.16666666666666666
658 226 10 9 6668354.5615 0.125
658 640 1 4 25.0862 0.09090909090909091
660 36 5 6 2509.2949 0.06666666666666667
660 52 6 10 7464529.4278 0.1111111111111111
660 69 1 6 1425.7312 0.14285714285714285
660 85 4 1 5.5349 0.5
660 648 7 3 45.7798 0.2
661 244 8 4 188.7703 0.5
661 608 6 7 30741.422 0.14285714285714285
662 374 9 9 3030911.3119 0.5
664 16 2 10 5986454.038 0.07692307692307693
664 205 9 4 196.1592 0.25
664 539 9 2 18.988 0.5
664 781 6 7 33587.8098 0.25
665 3 8 4 205.5503 0.06666666666666667
665 260 3 2 7.5399 0.125
666 66 8 1 9.5515 0.14285714285714285
667 587 2 9 377453.2146 1.0
668 163 6 4 164.6852 0.3333333333333333
668 464 3 6 2919.8642 0.25
668 749 5 3 32.5556 1.0
670 515 10 5 1145.6378 0.16666666666666666
672 1 5 6 3987.2134 0.05263157894736842
672 64 5 10 7228531.5032 0.05555555555555555
672 129 8 4 194.0014 0.125
672 514 10 2 21.815 0.07692307692307693
672 608 5 7 19907.2404 0.14285714285714285
672 717 5 4 115.8262 0.3333333333333333
673 104 2 10 3547023.8315 0.09090909090909091
673 656 4 1 5.5199 0.2
674 259 1 10 1569053.027 0.14285714285714285
674 288 9 1 10.6818 0.08333333333333333
674 401 8 9 2661918.9075 0.16666666666666666
674 672 8 4 194.6222 0.16666666666666666
675 257 2 3 13.9229 0.1
675 470 2 4 51.5968 0.5
676 52 4 4 93.6676 0.1111111111111111
677 121 1 1 2.586 0.5
677 641 5 10 9786586.9221 0.1111111111111111
678 237 9 10 9288269.2999 0.5
679 556 4 5 466.5608 1.0
680 20 7 9 1901277.969 0.08333333333333333
680 39 1 10 7165470.8459 0.125
680 105 4 1 5.4761 0.25
680 450 5 6 3141.8999 0.2
680 540 10 2 22.0256 0.25
681 6 5 4 121.4872 0.058823529411764705
681 33 1 5 118.0738 0.09090909090909091
682 14 6 4 149.0103 0.25
682 156 1 3 7.6567 0.125
683 278 3 8 262497.4282 0.2
684 1008 4 4 96.9659 0.5
686 426 1 1 2.5863 0.5
686 593 5 7 22599.7331 0.3333333333333333
688 385 3 8 106898.7381 0.16666666666666666
689 80 5 7 20479.352 0.09090909090909091
690 110 9 7 50624.3961 0.5
691 12 3 5 365.2795 0.1111111111111111
692 260 8 3 49.827 0.125
692 914 2 7 5932.8048 0.2
693 397 2 7 6649.6138 0.5
693 522 5 4 117.2728 0.1111111111111111
694 6 1 5 131.2242 0.058823529411764705
694 768 7 3 44.6023 0.08333333333333333
694 931 7 7 43155.3805 1.0
694 976 1 5 114.7686 1.0
695 517 2 9 892148.4177 0.14285714285714285
695 585 4 10 3334869.3612 0.3333333333333333
696 885 6 4 122.2553 1.0
697 710 4 2 9.6565 1.0
700 18 3 1 4.5331 0.08333333333333333
700 229 5 4 105.6486 0.5
700 864 6 8 265434.7951 0.3333333333333333
701 34 9 7 45012.2333 0.06666666666666667
701 941 6 7 20911.987 1.0
704 34 4 8 83395.3713 0.06666666666666667
704 76 5 1 6.476 0.125
704 135 5 6 4481.3866 0.25
704 292 3 4 76.0568 0.1
704 370 8 5 1048.1833 0.14285714285714285
704 514 10 9 2866954.6085 0.07692307692307693
704 673 9 6 5483.316 0.16666666666666666
705 596 6 4 152.5799 0.3333333333333333
705 854 4 6 2501.3518 0.5
706 17 5 8 249306.0719 0.2
706 161 10 4 248.0009 0.16666666666666666
706 460 3 6 1896.0661 1.0
706 732 4 4 102.0603 0.3333333333333333
708 108 1 1 2.5853 0.5
709 325 2 4 48.1856 0.2
709 354 9 4 198.0038 0.3333333333333333
709 644 1 2 3.6224 0.16666666666666666
709 843 9 4 225.8767 0.25
710 2 2 9 646024.5257 0.07142857142857142
711 19 5 1 6.4646 0.2
712 35 9 6 4850.2274 0.2
712 141 8 3 48.8209 0.2
712 283 7 5 1365.8865 0.5
712 294 1 4 25.2216 0.25
712 862 10 3 62.6907 1.0
713 593 9 6 9798.3059 0.3333333333333333
713 837 3 4 65.5959 1.0
716 98 2 7 7871.1635 0.16666666666666666
716 339 8 5 921.4268 0.25
716 649 8 7 53677.9496 0.3333333333333333
716 842 9 5 1114.0817 1.0
719 512 6 9 1370253.4678 0.05555555555555555
720 7 10 5 1076.901 0.16666666666666666
720 144 6 1 7.575 0.1111111111111111
720 803 5 7 33006.025 0.25
721 0 9 8 305419.1306 0.05
721 104 2 10 5658384.7145 0.09090909090909091
721 170 9 10 5229065.7222 0.5
721 323 3 9 480861.8819 0.5
721 584 1 3 7.1534 0.14285714285714285
722 82 9 5 1431.433 0.25
722 100 1 5 116.1627 0.14285714285714285
722 104 4 3 24.9567 0.09090909090909091
722 146 2 9 256694.3521 0.125
722 258 10 10 165808772.6981 0.1
722 393 6 4 155.2381 0.3333333333333333
722 398 9 3 53.6071 0.5
722 464 3 10 8647168.4 0.25
723 142 8 3 51.6697 0.5
724 20 2 10 8457073.7756 0.08333333333333333
724 596 10 9 2384896.5732 0.3333333333333333
725 44 3 3 19.411 0.3333333333333333
725 65 8 3 47.6618 0.1111111111111111
726 322 8 9 5593317.6335 0.3333333333333333
727 200 4 3 25.2139 0.16666666666666666
728 227 9 9 3792429.9824 0.5
728 350 2 7 5959.4301 0.5
728 712 3 4 84.0741 0.3333333333333333
729 578 3 10 5535410.7688 1.0
730 332 3 10 7261395.57 0.16666666666666666
732 834 8 6 6556.2824 0.5
736 24 7 10 3754623.471 0.06666666666666667
737 25 9 10 31210726.3816 0.16666666666666666
737 64 6 10 23063360.9423 0.05555555555555555
737 288 9 6 5664.4126 0.08333333333333333
737 610 4 7 20003.0196 0.3333333333333333
738 970 4 4 109.7963 1.0
740 235 4 10 15246104.3591 1.0
740 778 4 2 9.4538 0.16666666666666666
740 801 6 1 7.5581 0.16666666666666666
741 45 4 8 140772.4908 0.25
741 260 10 5 1110.3092 0.125
742 97 4 4 103.3085 0.14285714285714285
743 787 3 2 7.8078 0.3333333333333333
744 124 10 5 1358.9809 0.3333333333333333
744 280 1 6 1406.5188 0.14285714285714285
744 762 7 7 17673.7662 1.0
745 63 3 5 280.5177 0.5
746 386 4 4 87.0577 0.3333333333333333
746 536 4 8 234018.8966 0.16666666666666666
751 506 8 6 5859.3242 1.0
752 261 7 3 39.9051 0.16666666666666666
752 494 4 8 117345.6444 1.0
752 786 10 2 21.2697 0.16666666666666666
754 32 8 10 8602352.7892 0.058823529411764705
759 130 5 5 473.6343 0.125
760 40 4 2 9.6608 0.25
760 220 8 8 227542.0441 0.5
760 257 4 4 97.2028 0.1
760 300 6 10 13912131.9879 0.25
761 435 4 10 8227538.0749 1.0
763 668 1 4 25.1448 1.0
765 513 2 9 6238899.531 0.1111111111111111
768 68 3 2 7.6121 0.09090909090909091
768 226 8 1 9.507 0.125
768 326 6 1 7.4467 0.25
768 502 3 10 19114648.8861 1.0
768 608 5 8 325051.5169 0.14285714285714285
768 666 6 7 26999.425 1.0
768 736 2 10 10459753.7698 0.3333333333333333
768 738 10 10 19068137.4828 0.5
768 926 10 9 6660608.8827 1.0
769 34 8 6 5719.9316 0.06666666666666667
769 277 3 6 2720.0885 0.25
769 350 8 10 8248032.5174 0.5
769 640 2 2 5.4408 0.09090909090909091
769 773 5 7 17333.9195 1.0
770 67 6 2 13.5703 0.14285714285714285
770 211 6 9 1424342.2709 0.16666666666666666
770 256 8 3 50.0813 0.08333333333333333
770 515 6 6 3643.1352 0.16666666666666666
770 663 3 5 490.6924 0.5
771 128 1 5 128.4764 0.14285714285714285
771 793 7 6 4189.2058 0.3333333333333333
771 800 4 2 9.6303 0.1
772 0 7 4 152.814 0.05
772 32 5 8 119498.6634 0.058823529411764705
772 130 4 8 131986.4417 0.125
773 1 1 4 24.5962 0.05263157894736842
774 8 1 9 224086.1512 0.0625
774 936 6 10 26229825.4105 0.2
775 48 9 3 53.0786 0.09090909090909091
775 921 9 7 51543.5272 1.0
776 101 7 2 15.9279 0.25
776 155 7 2 15.0737 1.0
776 586 6 6 4812.346 0.25
776 697 4 5 479.0153 1.0
777 6 8 8 304886.094 0.058823529411764705
777 84 8 10 86848468.5793 0.14285714285714285
777 200 2 1 3.5392 0.16666666666666666
777 318 9 4 200.4428 1.0
777 539 4 8 79834.0569 0.5
777 554 1 2 3.6881 0.25
777 608 3 7 9615.6822 0.14285714285714285
777 641 4 9 1033674.9434 0.1111111111111111
778 330 1 2 3.6669 0.3333333333333333
778 389 9 7 53908.6385 0.16666666666666666
778 707 2 9 1110172.9387 0.25
780 14 4 9 545555.4302 0.25
780 16 7 6 5772.3707 0.07692307692307693
780 193 2 8 81834.8097 0.2
780 552 7 3 44.3705 0.2
780 707 7 2 15.4661 0.25
780 901 10 4 255.9537 0.25
781 222 2 2 5.61 0.5
781 496 3 6 2829.524 1.0
782 226 4 2 9.5407 0.125
782 405 8 6 4261.4947 0.5
784 1 1 7 8587.3033 0.05263157894736842
784 514 4 3 24.887 0.07692307692307693
784 549 9 2 19.7301 0.25
784 569 8 4 232.4018 0.3333333333333333
784 604 1 9 255730.5633 1.0
784 634 9 2 18.8629 0.25
784 841 3 8 156386.2411 0.3333333333333333
785 45 8 10 22426774.8875 0.25
785 257 9 6 4543.7949 0.1
786 142 3 6 2081.4142 0.5
786 521 4 1 5.471 0.2
786 576 4 10 5954283.9729 0.08333333333333333
786 914 1 7 8644.825 0.2
787 199 9 8 383719.2783 0.5
788 25 1 1 2.5875 0.16666666666666666
788 324 7 6 5687.5792 0.3333333333333333
788 332 7 1 8.6418 0.16666666666666666
792 16 6 3 40.4167 0.07692307692307693
792 274 3 10 6281391.3988 0.14285714285714285
792 540 1 9 259553.6754 0.25
792 594 2 2 5.4807 0.3333333333333333
793 52 9 7 75483.8402 0.1111111111111111
793 498 6 5 658.6544 1.0
793 628 4 7 24892.0593 0.3333333333333333
795 422 3 8 179232.0894 0.5
795 661 3 10 2873979.3679 0.25
798 776 3 9 828570.1435 0.1111111111111111
799 433 9 6 6491.0048 0.16666666666666666
800 9 2 5 272.8015 0.08333333333333333
800 45 8 1 9.5903 0.25
800 73 8 8 506800.0331 0.16666666666666666
800 97 8 2 17.0578 0.14285714285714285
800 133 2 4 44.1672 0.14285714285714285
800 824 6 9 1943313.6125 0.3333333333333333
801 34 5 8 154861.0539 0.06666666666666667
801 312 7 6 4230.5885 0.3333333333333333
801 592 4 4 106.333 0.125
801 642 4 1 5.4616 0.16666666666666666
802 660 9 3 52.5774 0.5
802 769 8 1 9.5479 0.125
803 512 8 6 9696.6616 0.05555555555555555
804 0 5 8 193044.0159 0.05
804 104 9 4 194.3307 0.09090909090909091
804 337 6 10 13391324.7223 0.5
804 433 6 9 1796489.8861 0.16666666666666666
804 779 8 8 171967.6333 0.2
805 387 10 1 11.4369 0.3333333333333333
805 781 5 4 115.1829 0.25
806 43 5 10 14851295.1236 0.25
806 134 10 7 40946.1185 0.1
806 232 4 4 93.8855 1.0
806 326 1 10 2331115.688 0.25
806 480 9 8 1045944.1539 0.25
808 302 3 5 344.9098 1.0
808 526 2 10 14519335.6867 0.25
808 777 2 6 1522.156 0.2
808 937 4 10 3843683.6297 0.5
808 945 5 4 110.9465 0.3333333333333333
810 17 3 7 10968.1164 0.2
810 394 3 4 73.3967 0.5
810 416 8 8 233827.4852 0.14285714285714285
812 778 6 4 160.9623 0.16666666666666666
814 161 5 6 5692.8424 0.16666666666666666
814 264 9 5 981.4337 0.14285714285714285
814 523 10 1 11.7375 0.16666666666666666
814 905 6 4 145.552 0.5
816 18 1 8 42563.1854 0.08333333333333333
816 24 1 1 2.5887 0.06666666666666667
817 784 7 6 3608.6053 0.16666666666666666
818 253 9 8 369516.1899 1.0
819 69 8 1 9.5792 0.14285714285714285
819 538 3 7 10842.8912 0.3333333333333333
821 236 7 2 15.6939 0.5
822 211 3 4 75.2826 0.16666666666666666
824 392 10 8 268378.5942 0.14285714285714285
824 609 2 4 48.5019 0.5
824 978 8 8 684180.0653 0.3333333333333333
828 592 9 1 10.4248 0.125
830 356 6 5 761.8761 0.25
832 16 6 5 555.665 0.07692307692307693
832 21 4 2 9.5225 0.1111111111111111
832 30 4 1 5.5006 0.3333333333333333
832 43 3 8 101100.1547 0.25
832 281 3 1 4.5535 0.2
832 304 7 5 957.8247 0.2
832 328 10 4 221.9635 0.16666666666666666
832 427 4 9 593514.5983 0.5
832 518 1 4 27.7073 0.2
832 548 7 1 8.4188 0.2
833 147 2 2 5.7214 0.3333333333333333
833 999 7 7 34476.8009 0.3333333333333333
834 0 2 9 314242.1488 0.05
834 32 8 10 13975290.3679 0.058823529411764705
834 67 4 5 435.9864 0.14285714285714285
834 104 6 10 4017723.5581 0.09090909090909091
834 148 6 1 7.5371 0.14285714285714285
834 912 10 3 60.8175 0.14285714285714285
835 264 7 6 4842.9884 0.14285714285714285
835 392 3 10 6367849.9234 0.14285714285714285
835 583 6 4 128.3454 0.3333333333333333
836 86 4 5 456.8704 0.3333333333333333
836 388 5 10 11555436.6179 0.16666666666666666
836 485 8 5 862.5259 0.3333333333333333
838 785 10 6 8371.7199 0.25
839 21 6 4 155.4122 0.1111111111111111
840 96 5 5 613.6476 0.14285714285714285
840 106 8 4 155.8298 0.2
840 545 4 7 23131.1723 0.16666666666666666
840 800 7 3 44.0583 0.1
841 32 1 1 2.5906 0.058823529411764705
841 370 1 7 6069.1665 0.14285714285714285
842 132 6 4 140.3653 0.09090909090909091
842 200 6 9 2528278.1212 0.16666666666666666
843 939 1 7 8958.2091 1.0
844 584 5 1 6.4452 0.14285714285714285
845 561 4 1 5.4821 0.3333333333333333
845 624 4 3 23.1268 0.3333333333333333
848 90 4 9 626040.6427 1.0
848 188 6 8 529228.8234 0.3333333333333333
848 313 10 10 12254038.3858 0.16666666666666666
848 391 3 7 27410.6746 0.3333333333333333
848 899 10 4 257.5869 0.25
849 792 8 4 208.9842 0.5
849 1018 3 2 7.5788 1.0
850 308 1 4 25.1927 0.5
850 776 6 10 6566428.1335 0.1111111111111111
851 195 2 5 188.4442 0.3333333333333333
852 2 4 5 513.9347 0.07142857142857142
852 64 4 3 26.1982 0.05555555555555555
852 72 9 10 11127999.2787 0.1111111111111111
852 824 7 5 945.0229 0.3333333333333333
854 681 8 9 26966959.3618 0.5
856 256 10 3 62.7486 0.08333333333333333
856 866 10 3 62.4057 1.0
857 42 1 4 26.6545 0.1
862 130 6 3 36.9914 0.125
863 516 1 4 24.2047 0.1
864 23 2 8 67669.1765 0.3333333333333333
864 786 5 7 15833.8832 0.16666666666666666
866 260 2 9 472450.6346 0.125
867 998 4 3 26.0024 1.0
868 332 4 6 3621.4813 0.16666666666666666
870 6 4 6 2974.1765 0.058823529411764705
870 68 6 9 1947321.9909 0.09090909090909091
871 264 3 3 20.9989 0.14285714285714285
872 32 7 1 8.5299 0.058823529411764705
872 50 6 2 13.5034 0.25
872 165 2 9 576565.8959 0.2
873 9 9 4 203.0357 0.08333333333333333
874 360 5 2 11.7977 0.3333333333333333
875 164 5 3 32.5397 0.5
878 258 3 3 19.7751 0.1
880 611 1 8 28554.7587 0.25
882 42 1 5 116.4962 0.1
882 591 4 10 7166218.3936 0.5
882 778 9 9 2918429.508 0.16666666666666666
884 802 8 5 753.2447 0.5
885 601 2 8 105504.6353 0.5
894 392 10 3 57.3536 0.14285714285714285
895 603 4 1 5.5523 1.0
896 330 8 2 17.4184 0.3333333333333333
896 868 2 8 76429.8574 1.0
897 39 6 8 150684.1406 0.125
897 115 7 10 17368484.5247 0.3333333333333333
897 523 6 2 13.4326 0.16666666666666666
897 1002 2 10 3161815.1889 0.5
898 336 6 8 125612.7629 0.2
898 699 7 7 23988.3611 1.0
899 537 6 2 13.6814 1.0
899 736 5 5 556.0076 0.3333333333333333
900 4 6 8 146209.8304 0.045454545454545456
900 162 3 3 20.2138 0.16666666666666666
900 313 10 3 60.08 0.16666666666666666
902 131 10 5 1456.5321 0.14285714285714285
902 420 8 4 173.8435 0.5
903 339 1 1 2.5887 0.25
904 112 7 1 8.4266 0.125
904 231 3 4 69.4826 0.3333333333333333
904 552 4 8 300722.7517 0.2
904 888 6 5 625.7925 0.5
904 929 2 7 9526.5185 1.0
905 12 8 8 235650.9718 0.1111111111111111
905 196 5 6 4000.6516 0.2
905 248 9 8 140280.6177 0.3333333333333333
905 540 6 10 11416904.9495 0.25
905 572 5 2 11.8089 0.2
906 137 9 10 33202333.2998 0.25
906 194 1 6 761.2177 0.25
906 210 2 3 13.8231 0.2
906 328 10 1 11.3787 0.16666666666666666
907 276 8 8 387616.3582 0.125
908 456 3 2 7.4408 0.2
910 614 9 7 26529.7852 0.25
911 5 7 10 8786125.7791 0.07692307692307693
911 10 4 1 5.5104 0.08333333333333333
911 896 5 6 3433.991 0.5
912 2 6 5 764.6709 0.07142857142857142
912 85 3 1 4.5564 0.5
912 129 3 3 18.1672 0.125
912 388 1 4 25.5726 0.16666666666666666
914 216 6 1 7.4336 0.2
914 669 10 5 1189.1493 0.5
914 776 1 1 2.5891 0.1111111111111111
914 968 6 7 44733.8749 1.0
915 431 7 5 919.4254 0.3333333333333333
916 742 7 4 188.856 0.3333333333333333
916 777 6 7 17165.3295 0.2
917 560 5 7 16509.9893 0.2
917 912 3 8 97181.1601 0.14285714285714285
918 0 9 8 184701.9567 0.05
920 200 1 9 376579.8559 0.16666666666666666
921 272 5 8 148663.9804 0.1
921 320 8 4 252.1934 0.14285714285714285
922 8 7 9 3020479.2197 0.0625
922 784 5 8 178689.2197 0.16666666666666666
924 33 3 6 1475.6936 0.09090909090909091
924 196 2 1 3.5615 0.2
927 190 3 5 365.7787 1.0
928 64 5 1 6.6085 0.05555555555555555
928 384 5 1 6.5701 0.25
928 516 6 4 162.1054 0.1
928 518 9 6 6689.5937 0.2
929 10 4 6 3066.7991 0.08333333333333333
929 257 3 9 1430264.4811 0.1
929 316 3 4 67.3355 0.2
930 547 8 10 7955300.8586 0.25
930 720 8 7 32085.0366 0.2
931 230 3 6 1874.1847 1.0
931 657 5 10 9741952.9432 0.2
932 274 3 2 7.6447 0.14285714285714285
932 783 10 3 62.4292 1.0
933 657 6 10 4834710.3405 0.2
934 94 9 9 8435532.1287 0.25
938 261 9 8 267856.9773 0.16666666666666666
938 316 7 4 164.1297 0.2
938 552 8 2 17.2198 0.2
940 512 3 7 15217.3053 0.05555555555555555
941 771 7 2 15.5492 0.5
944 165 9 10 27993376.1114 0.2
944 756 6 9 1024362.8274 0.25
945 456 8 4 214.1405 0.2
946 205 10 1 11.3097 0.25
947 568 3 7 11975.6449 0.5
948 9 1 7 6786.5853 0.08333333333333333
951 818 7 9 3042456.6539 1.0
952 37 9 6 7236.4262 0.16666666666666666
953 905 7 6 4515.5346 0.5
954 22 10 5 972.6694 0.3333333333333333
956 846 2 3 13.5029 0.5
958 844 4 3 25.866 0.3333333333333333
960 358 5 5 696.2371 0.5
961 131 4 9 944332.6593 0.14285714285714285
961 291 6 9 2905713.0501 0.5
961 333 7 8 192843.648 0.5
961 472 10 2 20.8096 0.3333333333333333
961 481 7 7 21443.4401 0.14285714285714285
963 130 8 8 715153.1467 0.125
965 937 1 6 746.9334 0.5
966 29 6 2 13.3625 0.25
966 192 8 2 17.3678 0.125
966 197 3 6 1692.55 0.2
966 555 10 4 229.4436 0.2
968 51 8 8 341143.7545 0.3333333333333333
968 352 7 5 823.0896 0.16666666666666666
968 360 4 3 24.7362 0.3333333333333333
969 313 1 2 3.6633 0.16666666666666666
969 769 7 6 5253.945 0.125
970 180 4 7 18659.2954 0.5
971 566 10 2 20.8266 0.25
975 205 10 6 6919.6807 0.25
976 321 1 10 1228525.6431 0.14285714285714285
976 779 5 2 11.3451 0.2
977 22 5 3 31.5784 0.3333333333333333
977 34 3 10 6987046.1767 0.06666666666666667
977 549 6 6 4582.4964 0.25
978 817 7 8 275964.2524 0.5
984 324 7 10 10926313.6005 0.3333333333333333
984 483 8 6 4231.246 1.0
985 268 9 10 47225608.6831 0.2
986 772 4 5 612.6906 0.25
987 962 3 9 1356450.2428 0.5
988 366 4 7 16438.1206 0.5
990 35 1 5 103.4088 0.2
996 36 8 7 27110.9739 0.06666666666666667
996 836 9 4 217.5463 0.2
998 127 8 4 179.2809 0.5
998 179 1 4 26.4641 0.5
1000 260 8 9 2632439.3454 0.125
1001 286 4 5 478.4161 0.25
1002 652 1 3 7.7736 0.2
1002 912 6 2 13.9043 0.14285714285714285
1003 684 8 2 17.9402 0.25
1004 129 3 5 302.1484 0.125
1011 36 5 2 11.243 0.06666666666666667
1013 316 3 2 7.9452 0.2
1018 358 3 1 4.5453 0.5
1020 371 5 4 142.0077 0.5
1020 385 3 10 8923641.7617 0.16666666666666666
1021 643 5 7 32084.2662 0.3333333333333333
