0 89 8 5 892.852 0.3333333333333333
0 198 9 2 19.566 0.25
0 342 9 2 19.8 0.16666666666666666
1 18 4 8 126036.574 1.0
1 503 7 9 158269.136 0.25
2 115 6 4 124.188 1.0
2 217 8 4 169.858 1.0
3 218 5 10 3254699.63 1.0
3 363 8 6 4744.296 0.2
3 430 4 7 21091.314 0.2
4 361 1 4 14.982 1.0
4 414 9 10 7177920.864 0.3333333333333333
5 214 3 10 796875.156 1.0
8 303 9 9 254288.656 0.5
9 129 10 9 800559.586 0.5
9 171 8 2 16.812 1.0
9 451 10 3 66.968 0.14285714285714285
10 223 5 4 83.126 0.25
10 416 10 6 13430.78 0.25
10 462 6 9 547985.8 0.25
11 30 1 7 5157.282 1.0
11 297 9 4 163.22 1.0
11 438 7 10 1172537.032 0.5
11 477 7 1 8.22 0.3333333333333333
12 343 9 7 5990.002 1.0
12 499 9 8 342169.654 0.3333333333333333
13 207 9 2 20.282 0.3333333333333333
13 280 3 9 98419.304 0.25
13 397 6 7 34028.526 0.3333333333333333
14 173 7 7 8145.372 0.5
14 265 7 8 47928.47 1.0
15 160 3 7 2365.716 0.3333333333333333
15 194 2 4 54.834 0.5
15 414 2 10 1221116.72 0.3333333333333333
16 25 10 9 292449.07 1.0
16 114 6 7 27569.36 1.0
16 232 4 9 490060.41 1.0
16 357 2 10 621488.202 1.0
16 370 10 9 3242112.72 0.5
17 83 3 4 79.108 1.0
17 131 9 7 35117.932 1.0
17 316 1 3 9.346 0.3333333333333333
18 90 7 1 8.008 1.0
19 33 4 6 7796.178 1.0
19 180 2 7 3074.45 0.5
20 139 9 4 212.33 0.5
20 283 5 2 11.982 0.5
21 209 4 3 26.988 0.25
21 259 8 1 9.642 0.5
22 226 6 7 6446.432 0.5
22 451 9 8 195628.394 0.14285714285714285
23 108 8 1 9.332 0.5
23 304 9 6 5640.094 0.5
23 418 3 4 66.926 0.16666666666666666
24 52 9 1 11.19 1.0
24 386 8 6 2522.26 0.3333333333333333
24 418 10 4 252.386 0.16666666666666666
24 503 3 8 173842.146 0.25
25 126 2 3 11.614 1.0
25 234 4 2 11.28 0.3333333333333333
25 309 4 2 10.746 1.0
25 320 1 2 3.414 0.5
25 408 4 8 60093.0 0.3333333333333333
26 142 7 1 8.556 1.0
26 296 7 8 80365.614 0.5
27 342 5 7 34647.608 0.16666666666666666
27 378 2 4 36.244 0.5
28 407 4 7 15933.306 0.2
29 40 3 8 11104.664 1.0
30 182 3 1 4.444 0.3333333333333333
30 403 3 1 4.656 1.0
31 66 7 6 24349.646 0.5
32 105 4 4 99.364 1.0
32 177 10 2 23.46 0.5
33 489 4 10 2235712.23 0.2
34 84 9 4 142.322 0.5
34 129 4 7 3783.37 0.5
34 199 5 5 407.484 0.5
34 231 6 6 1827.556 0.5
34 282 6 4 169.098 1.0
34 317 9 7 147483.508 1.0
35 151 8 3 46.964 0.5
35 446 4 10 260501.992 0.3333333333333333
35 458 7 8 80192.342 0.3333333333333333
35 479 3 5 352.76 0.3333333333333333
36 162 3 3 23.356 0.5
36 341 1 4 19.94 0.5
36 374 7 2 16.802 1.0
36 444 3 6 1787.568 0.3333333333333333
38 170 3 9 173058.538 0.5
38 277 5 2 12.204 0.125
38 390 6 8 69264.632 0.3333333333333333
38 488 10 10 2469998.662 0.25
39 467 2 8 25294.532 0.3333333333333333
39 490 2 4 69.288 0.5
40 75 3 1 4.674 1.0
40 103 5 8 128630.79 1.0
40 148 9 1 10.25 1.0
40 464 4 5 296.914 0.2
40 486 6 10 2046840.046 0.3333333333333333
41 429 3 3 21.408 0.5
42 45 4 4 88.996 1.0
42 316 7 2 14.382 0.3333333333333333
43 123 10 9 2871813.246 1.0
44 327 5 6 1412.342 0.25
45 98 10 5 584.97 1.0
45 108 7 6 3003.648 0.5
45 408 6 1 7.438 0.3333333333333333
46 106 4 6 2537.904 1.0
46 139 9 4 133.414 0.5
47 99 2 7 6538.386 1.0
47 246 5 5 1041.992 1.0
47 505 9 5 1114.016 0.2
48 344 3 3 19.13 1.0
49 66 1 4 19.284 0.5
49 370 10 1 11.44 0.5
50 169 3 10 3657651.904 0.5
50 177 3 5 390.024 0.5
50 474 3 10 4984518.428 0.2
51 134 5 6 2082.972 1.0
51 342 2 7 21521.634 0.16666666666666666
52 78 4 6 1755.542 1.0
52 181 9 6 3715.108 0.5
52 207 4 6 1236.748 0.3333333333333333
52 277 7 4 106.518 0.125
52 500 7 6 3998.784 0.25
54 464 5 1 6.468 0.2
55 151 9 1 10.584 0.5
56 234 10 9 3692580.986 0.3333333333333333
56 435 7 3 43.492 0.25
58 65 5 6 1941.18 1.0
58 164 9 9 2590143.946 1.0
58 249 7 9 124382.602 0.3333333333333333
59 199 1 3 8.628 0.5
59 276 4 8 99660.076 0.5
60 384 9 4 253.594 1.0
61 396 9 7 247429.616 1.0
62 444 2 8 5672.88 0.3333333333333333
62 489 9 7 28797.092 0.2
63 335 5 10 1212633.964 0.25
64 89 7 3 38.662 0.3333333333333333
64 91 10 9 31567452.44 1.0
64 179 5 9 3751488.788 1.0
64 501 1 9 101233.54 0.125
65 236 10 3 56.194 0.5
65 267 8 8 204872.856 0.2
65 277 5 9 962848.134 0.125
65 386 6 1 7.618 0.3333333333333333
65 397 8 4 226.674 0.3333333333333333
65 409 3 1 4.404 0.25
66 185 3 4 77.584 1.0
66 376 7 5 822.708 0.5
67 70 5 4 171.486 1.0
68 132 6 8 54114.088 1.0
68 209 3 1 4.742 0.25
68 221 2 4 38.718 0.5
68 267 4 9 799192.904 0.2
68 290 7 2 13.632 1.0
68 363 4 10 820886.934 0.2
68 432 1 3 8.292 0.25
68 474 4 8 100856.122 0.2
69 72 6 5 555.192 1.0
69 89 2 9 165723.394 0.3333333333333333
69 462 5 3 40.0 0.25
70 295 4 3 22.992 0.5
70 505 7 5 585.382 0.2
71 228 2 2 5.498 1.0
72 167 10 10 1809851.746 0.3333333333333333
74 220 3 8 1026750.094 1.0
74 411 5 2 11.216 0.5
74 451 2 3 13.908 0.14285714285714285
75 330 2 6 820.162 0.5
75 392 5 5 347.988 0.3333333333333333
76 153 10 5 863.03 1.0
76 322 1 1 2.592 0.5
77 337 6 9 1913926.614 1.0
77 340 3 7 8406.39 1.0
78 209 5 3 28.558 0.25
78 267 7 4 164.756 0.2
78 308 7 3 55.818 1.0
79 262 9 8 205276.242 1.0
79 319 8 4 152.134 0.25
80 86 1 1 2.548 1.0
80 368 6 8 20923.796 0.3333333333333333
80 420 3 9 66287.154 0.5
82 84 7 5 1340.016 0.5
82 464 5 3 36.806 0.2
82 488 9 6 12065.186 0.25
83 402 8 8 135354.83 0.25
83 407 7 9 243164.152 0.2
84 257 3 5 248.618 0.3333333333333333
84 295 1 9 149745.052 0.5
85 244 1 8 47190.35 1.0
86 118 10 3 61.066 1.0
86 145 3 8 153679.016 1.0
87 133 2 4 30.188 1.0
88 404 2 2 5.756 0.2
89 305 4 4 58.164 0.5
89 349 9 2 19.908 0.5
90 292 5 9 421710.642 1.0
90 402 7 10 1340216.578 0.25
91 280 4 8 101845.472 0.25
92 477 5 4 99.558 0.3333333333333333
93 161 2 5 593.76 1.0
94 427 3 1 4.612 0.5
95 182 8 6 3666.018 0.3333333333333333
95 486 10 2 21.82 0.3333333333333333
96 488 7 1 8.198 0.25
97 319 3 1 4.524 0.25
97 351 10 4 186.25 0.3333333333333333
98 113 10 5 921.51 1.0
99 154 5 7 6856.256 0.5
99 172 5 10 8466129.678 1.0
99 402 1 2 3.556 0.25
100 291 2 9 398552.132 0.5
101 165 1 3 7.726 1.0
102 259 7 3 41.708 0.5
103 117 3 8 34153.252 1.0
103 186 6 10 2154010.34 1.0
103 192 7 3 42.398 0.5
103 273 5 1 6.372 0.2
103 277 4 3 20.616 0.125
104 166 10 2 19.824 1.0
104 327 3 7 11471.756 0.25
105 242 9 6 4622.148 1.0
105 496 10 1 11.88 1.0
106 198 4 2 9.326 0.25
106 249 5 5 495.644 0.3333333333333333
107 241 4 2 10.824 0.5
107 277 4 1 5.69 0.125
107 335 6 10 18985773.832 0.25
107 350 5 5 550.16 1.0
107 359 1 1 2.618 0.3333333333333333
108 404 3 1 4.382 0.2
109 143 1 6 402.508 1.0
109 354 8 7 31355.134 0.25
109 367 10 2 22.162 1.0
109 408 8 5 597.15 0.3333333333333333
109 437 3 5 796.664 0.5
111 198 5 5 569.23 0.25
111 273 3 3 23.794 0.2
112 236 5 6 9987.056 0.5
112 446 7 5 1606.096 0.3333333333333333
113 430 4 1 5.572 0.2
114 205 5 10 8307220.688 0.5
114 327 2 9 18824.98 0.25
115 180 4 8 39805.574 0.5
115 193 5 1 6.892 1.0
115 198 6 5 851.832 0.25
116 207 8 3 53.548 0.3333333333333333
117 314 3 9 1003389.028 1.0
118 221 10 9 1775616.968 0.5
118 260 5 7 3517.402 1.0
118 285 1 3 6.282 0.3333333333333333
118 346 5 3 26.974 0.3333333333333333
118 390 5 7 7904.02 0.3333333333333333
119 293 7 8 97165.682 0.5
119 417 4 2 10.228 0.5
119 423 4 4 118.088 0.3333333333333333
119 506 10 4 288.184 0.3333333333333333
120 475 9 2 22.784 0.2
122 258 3 3 18.084 1.0
122 371 6 2 13.784 0.5
122 383 4 9 47340.552 1.0
123 173 3 3 17.5 0.5
123 377 5 2 10.25 1.0
124 280 6 1 7.366 0.25
124 471 8 3 43.1 0.5
125 154 1 7 16491.1 0.5
125 445 9 8 1575548.686 1.0
125 507 9 7 20383.16 0.3333333333333333
126 251 7 8 46919.364 1.0
126 277 6 3 43.284 0.125
126 466 6 7 8205.458 0.5
127 250 2 9 78485.29 0.3333333333333333
127 311 7 3 54.458 1.0
128 355 3 8 18574.634 1.0
128 385 1 6 409.972 0.25
129 206 7 3 48.404 1.0
129 276 10 6 3329.594 0.5
129 406 7 5 643.578 1.0
129 480 9 6 3226.752 0.25
130 277 8 3 39.99 0.125
131 194 1 7 1985.918 0.5
132 385 10 10 286623.746 0.25
132 434 5 6 1364.988 0.5
132 475 8 6 1358.24 0.2
134 226 8 9 4946572.584 0.5
135 167 4 8 99337.49 0.3333333333333333
135 169 9 5 564.658 0.5
136 405 10 9 2324070.052 0.5
137 160 5 7 29815.202 0.3333333333333333
137 201 8 5 1808.206 1.0
137 250 2 4 43.184 0.3333333333333333
138 470 7 6 12204.39 0.5
139 455 5 7 3780.156 0.3333333333333333
140 510 5 1 6.378 0.5
141 278 2 3 11.452 1.0
141 351 9 5 469.13 0.3333333333333333
141 353 1 1 2.586 0.3333333333333333
141 390 7 6 4533.424 0.3333333333333333
141 418 3 9 57851.686 0.16666666666666666
142 322 7 7 15484.016 0.5
143 192 1 3 6.844 0.5
143 223 7 5 572.766 0.25
143 270 7 3 42.356 1.0
143 286 3 7 34561.996 1.0
144 505 2 3 18.164 0.2
146 215 6 2 14.068 1.0
146 288 7 1 8.142 0.5
146 362 3 1 4.596 1.0
146 365 8 10 4055136.414 0.5
147 402 4 8 43791.76 0.25
147 467 4 10 1384251.276 0.3333333333333333
147 480 3 8 10051.196 0.25
148 162 4 8 116547.992 0.5
148 238 6 3 41.02 0.3333333333333333
148 359 9 5 825.212 0.3333333333333333
149 196 2 9 467188.632 0.5
149 224 7 8 134257.902 1.0
149 304 4 2 9.834 0.5
149 458 8 4 162.592 0.3333333333333333
150 430 4 10 725132.698 0.2
150 458 3 9 53288.244 0.3333333333333333
151 285 7 2 15.3 0.3333333333333333
151 307 7 1 8.292 1.0
151 387 10 3 47.832 0.5
151 399 7 7 14610.268 0.5
151 463 5 6 1172.98 0.2
152 167 1 8 10905.974 0.3333333333333333
152 196 9 6 7904.466 0.5
152 421 2 6 956.172 0.25
152 433 9 3 43.22 0.5
153 200 1 9 26669.916 1.0
153 257 1 3 7.968 0.3333333333333333
153 409 5 9 1175648.322 0.25
154 273 1 9 367424.874 0.2
154 507 8 7 19705.866 0.3333333333333333
155 412 10 6 3266.138 0.5
155 418 7 8 336003.914 0.16666666666666666
156 160 4 10 9600160.722 0.3333333333333333
156 400 10 9 3470316.952 0.25
156 507 7 1 8.092 0.3333333333333333
157 385 4 2 10.394 0.25
159 189 3 7 6367.226 1.0
159 331 6 9 125317.416 1.0
159 353 1 9 93278.174 0.3333333333333333
159 451 9 7 31957.774 0.14285714285714285
161 423 6 4 136.5 0.3333333333333333
162 273 9 1 9.784 0.2
163 181 2 7 1350.682 0.5
163 293 10 1 11.61 0.5
163 333 8 9 116991.344 0.5
164 241 3 10 3962105.198 0.5
164 291 10 1 12.012 0.5
165 281 5 3 37.67 0.5
165 323 9 4 163.97 0.3333333333333333
165 484 1 9 44463.484 0.5
165 501 10 7 7248.86 0.125
166 170 6 5 1317.998 0.5
168 209 9 5 473.512 0.25
169 266 4 8 78932.992 0.5
171 319 9 5 927.404 0.25
171 506 1 10 7169008.112 0.3333333333333333
172 480 10 2 18.788 0.25
173 266 8 6 2407.228 0.5
173 274 7 7 15724.548 0.5
174 352 6 2 13.376 0.3333333333333333
174 501 4 5 692.794 0.125
175 205 9 8 452656.942 0.5
175 272 3 6 2285.618 1.0
176 393 8 2 17.594 0.5
176 462 8 9 9923259.43 0.25
177 250 3 8 38632.558 0.3333333333333333
177 459 8 2 18.342 1.0
178 182 3 6 10561.362 0.3333333333333333
178 254 3 5 236.476 0.25
178 409 1 6 1800.588 0.25
178 486 7 7 19801.094 0.3333333333333333
179 223 5 10 28063821.422 0.25
179 255 3 7 2868.702 1.0
179 473 8 1 9.542 0.3333333333333333
180 197 10 5 772.462 1.0
180 346 10 9 984524.744 0.3333333333333333
180 421 8 4 126.47 0.25
180 448 2 6 540.006 0.3333333333333333
181 436 10 2 22.246 0.3333333333333333
182 277 4 10 581244.714 0.125
183 463 10 9 4999176.494 0.2
186 237 1 6 527.572 1.0
187 440 7 7 16408.36 1.0
189 252 9 5 1167.202 1.0
189 275 5 3 35.166 0.5
189 474 3 4 70.536 0.2
190 424 6 7 4782.85 1.0
191 352 4 6 4422.998 0.3333333333333333
191 368 6 3 45.528 0.3333333333333333
191 401 1 5 134.628 1.0
191 416 8 6 11084.296 0.25
192 437 9 6 3839.812 0.5
194 346 8 1 10.246 0.3333333333333333
195 363 1 6 1285.32 0.2
196 439 2 8 25526.246 0.5
197 230 8 1 8.96 1.0
198 267 4 8 279237.244 0.2
198 279 7 1 8.444 0.5
198 353 7 9 1212609.554 0.3333333333333333
198 478 1 2 3.888 0.2
200 210 2 7 25078.238 1.0
200 342 3 9 665617.748 0.16666666666666666
200 448 1 5 69.944 0.3333333333333333
201 238 5 2 10.708 0.3333333333333333
202 254 6 8 34744.852 0.25
202 442 3 7 34380.848 1.0
204 245 6 7 34688.322 1.0
204 472 9 4 219.414 0.3333333333333333
205 345 2 6 511.4 0.3333333333333333
206 410 1 4 29.016 0.5
206 436 9 10 10131677.878 0.3333333333333333
208 275 6 5 209.888 0.5
208 303 3 6 2758.64 0.5
208 506 3 9 82253.538 0.3333333333333333
209 223 3 8 78245.848 0.25
209 274 1 7 1460.82 0.5
209 492 1 3 7.606 0.3333333333333333
210 380 10 5 926.186 1.0
211 386 9 7 11783.282 0.3333333333333333
212 238 6 2 12.616 0.3333333333333333
213 443 6 5 495.968 0.5
214 231 2 3 11.53 0.5
214 511 2 3 14.244 0.5
215 393 3 5 490.298 0.5
215 417 9 6 7052.644 0.5
218 254 1 3 7.186 0.25
218 447 3 7 11434.524 0.5
219 234 4 3 23.066 0.3333333333333333
219 478 4 10 2210808.538 0.2
219 498 8 5 709.124 0.5
221 351 6 4 157.592 0.3333333333333333
222 430 9 10 3303538.254 0.2
223 412 5 9 154619.742 0.5
223 435 3 6 2614.212 0.25
223 478 9 2 20.64 0.2
223 491 6 8 211075.002 1.0
223 508 9 4 225.096 1.0
227 273 8 3 40.914 0.2
227 397 4 7 55262.808 0.3333333333333333
228 299 9 6 7974.278 0.5
229 452 7 3 38.776 0.3333333333333333
230 482 7 3 47.53 0.3333333333333333
231 349 1 6 540.63 0.5
231 378 1 1 2.6 0.5
232 248 4 1 5.446 1.0
233 247 9 5 1354.768 1.0
233 366 2 4 49.176 0.5
235 354 2 2 6.2 0.25
237 407 8 7 38932.496 0.2
238 319 6 6 4150.378 0.25
239 323 6 7 7033.196 0.3333333333333333
241 345 2 8 489073.918 0.3333333333333333
242 257 2 5 186.942 0.3333333333333333
242 285 1 1 2.592 0.3333333333333333
242 312 2 6 583.818 1.0
243 249 7 7 27901.358 0.3333333333333333
243 492 6 3 33.198 0.3333333333333333
246 254 7 10 1137150.092 0.25
246 500 7 4 186.518 0.25
248 431 9 3 56.768 0.3333333333333333
249 404 6 5 410.766 0.2
250 395 8 9 427059.806 0.5
250 441 3 6 605.402 0.5
252 502 4 9 868443.904 1.0
253 296 9 7 9550.24 0.5
253 500 6 8 47246.442 0.25
255 392 6 6 1585.718 0.3333333333333333
256 288 4 1 5.636 0.5
256 476 8 10 9943882.742 1.0
258 267 9 5 1271.44 0.2
258 478 9 7 140838.134 0.2
259 373 9 9 648241.866 0.5
260 283 7 5 268.052 0.5
260 316 4 7 16354.758 0.3333333333333333
260 327 10 4 199.446 0.25
260 400 2 3 17.366 0.25
262 299 7 3 39.898 0.5
262 414 5 2 10.908 0.3333333333333333
262 487 10 6 1535.344 1.0
264 339 8 9 778979.438 1.0
264 473 2 8 69640.088 0.3333333333333333
265 281 3 7 7885.698 0.5
265 430 8 9 962958.222 0.2
266 294 8 7 34758.098 1.0
267 463 5 6 3386.726 0.2
267 475 4 6 1234.868 0.2
269 336 7 1 8.772 1.0
270 335 9 6 3849.97 0.25
270 395 9 6 2366.212 0.5
271 489 6 7 5384.684 0.2
272 320 7 1 8.152 0.5
272 404 6 4 119.478 0.2
275 280 4 2 9.354 0.25
275 323 8 5 887.51 0.3333333333333333
276 335 8 10 73206111.1 0.25
277 279 9 9 163185.742 0.5
277 359 5 10 4629385.396 0.3333333333333333
279 392 1 10 3320742.94 0.3333333333333333
280 385 1 1 2.614 0.25
281 345 5 7 113830.714 0.3333333333333333
281 464 7 1 8.354 0.2
284 333 10 9 312403.592 0.5
288 505 1 2 3.612 0.2
289 366 6 10 10159749.85 0.5
290 427 9 9 1676932.0 0.5
291 454 3 2 7.338 1.0
293 489 9 8 755798.704 0.2
294 451 10 8 98434.924 0.14285714285714285
295 463 6 5 1925.208 0.2
295 478 1 4 21.704 0.2
297 405 9 10 3021610.554 0.5
297 441 2 1 3.538 0.5
298 347 1 6 488.452 1.0
298 354 2 4 60.288 0.25
298 501 8 10 2183323.444 0.125
299 363 5 9 217446.186 0.2
299 382 7 9 13704733.874 1.0
303 305 6 9 4811618.03 0.5
303 376 8 1 9.068 0.5
303 400 7 1 8.652 0.25
304 474 6 1 7.264 0.2
305 411 4 2 10.264 0.5
305 416 9 10 9270945.81 0.25
306 481 10 8 104166.504 0.3333333333333333
307 394 5 9 2767534.192 0.5
308 450 7 10 11468394.426 0.3333333333333333
309 400 6 5 506.51 0.25
311 330 1 1 2.586 0.5
311 342 8 6 2314.252 0.16666666666666666
311 432 2 7 2566.732 0.25
312 313 7 7 22402.688 1.0
312 409 10 1 10.614 0.25
312 466 10 7 8508.188 0.5
313 451 9 7 19399.53 0.14285714285714285
313 463 6 1 7.616 0.2
314 418 2 2 5.826 0.16666666666666666
314 499 4 4 58.95 0.3333333333333333
315 435 7 2 14.312 0.25
317 318 9 5 1492.07 1.0
318 481 6 8 171784.932 0.3333333333333333
321 365 7 2 16.958 0.5
322 354 4 5 586.624 0.25
325 352 3 2 8.076 0.3333333333333333
325 422 8 4 247.154 1.0
326 446 3 7 7842.492 0.3333333333333333
332 368 4 10 1783076.402 0.3333333333333333
336 444 1 8 21572.598 0.3333333333333333
337 451 1 10 572568.924 0.14285714285714285
338 341 9 2 19.678 0.5
338 461 6 7 8941.416 0.5
339 342 8 2 15.532 0.16666666666666666
339 475 1 10 67439.106 0.2
341 435 9 3 90.794 0.25
341 469 7 6 9022.916 1.0
343 415 2 1 3.542 1.0
349 431 5 7 42727.278 0.3333333333333333
350 452 4 10 14903277.462 0.3333333333333333
351 497 3 4 47.568 1.0
352 373 9 1 10.208 0.5
353 371 1 10 883301.184 0.5
354 363 4 4 71.996 0.2
354 457 6 5 208.652 1.0
355 428 5 5 531.716 1.0
355 464 6 7 2829.502 0.2
357 421 10 6 5475.17 0.25
357 467 9 10 11600174.812 0.3333333333333333
358 420 1 3 8.218 0.5
358 432 10 8 181988.87 0.25
358 447 5 3 29.002 0.5
360 431 1 10 259886.114 0.3333333333333333
361 510 4 8 29936.274 0.5
362 456 3 4 96.958 1.0
362 493 8 6 5853.634 1.0
367 499 3 5 903.29 0.3333333333333333
368 438 7 10 2629925.072 0.5
368 482 6 1 7.626 0.3333333333333333
370 419 9 9 811295.07 1.0
371 421 5 3 36.916 0.25
372 477 7 5 360.256 0.3333333333333333
373 436 2 2 6.05 0.3333333333333333
374 489 1 8 32556.044 0.2
379 434 7 3 42.042 0.5
380 462 1 6 411.396 0.25
380 470 2 7 9442.952 0.5
381 501 7 1 8.238 0.125
383 387 4 8 86507.806 0.5
383 504 2 6 877.74 0.5
384 450 7 6 2994.036 0.3333333333333333
385 425 6 9 871150.554 1.0
385 498 5 4 187.902 0.5
386 394 3 7 14238.38 0.5
386 448 3 5 258.606 0.3333333333333333
386 468 4 10 21560749.222 0.25
386 482 3 9 399558.554 0.3333333333333333
388 418 1 6 363.034 0.16666666666666666
388 472 4 8 93306.524 0.3333333333333333
389 500 4 3 24.03 0.25
391 404 2 1 3.66 0.2
391 429 7 7 12261.558 0.5
391 511 8 8 39987.966 0.5
393 488 5 2 12.084 0.25
394 399 4 3 20.698 0.5
395 423 10 2 23.354 0.3333333333333333
396 468 3 1 4.568 0.25
398 413 6 8 202684.554 1.0
398 484 10 1 11.026 0.5
399 410 9 9 834370.42 0.5
400 407 3 2 6.638 0.2
400 492 7 3 34.734 0.3333333333333333
402 433 7 2 13.794 0.5
404 443 4 9 554268.738 0.5
405 474 7 1 8.302 0.2
406 407 9 3 42.626 0.2
408 439 3 3 19.474 0.5
410 473 6 5 832.58 0.3333333333333333
412 455 4 10 2140786.072 0.3333333333333333
414 416 3 8 23520.122 0.25
414 461 10 1 11.466 0.5
415 472 2 6 2615.69 0.3333333333333333
417 503 7 3 45.192 0.25
425 450 9 2 16.814 0.3333333333333333
427 505 9 10 1132536.214 0.2
429 432 5 5 319.398 0.25
432 455 7 7 36804.856 0.3333333333333333
438 501 6 10 2747192.75 0.125
444 468 2 4 45.996 0.25
447 485 6 2 13.076 1.0
448 494 2 1 3.45 1.0
449 452 2 8 19918.284 0.3333333333333333
450 475 4 7 19182.804 0.2
453 471 5 4 106.164 0.5
453 479 4 6 2649.82 0.3333333333333333
455 479 5 9 143944.244 0.3333333333333333
458 490 2 5 151.808 0.5
461 503 2 1 3.584 0.25
463 468 1 3 6.802 0.25
466 481 7 2 16.38 0.3333333333333333
466 501 5 8 39886.332 0.125
474 480 6 1 8.13 0.25
485 501 9 1 10.228 0.125
501 504 6 6 1495.208 0.5
507 509 2 1 3.586 1.0
