242 301 46810.91852836773 242 244 247 248 249 250 251 252 301
135 431 31632.293229818868 135 137 139 399 411 412 415 427 431
247 253 35443.989717668555 247 248 249 250 251 252 253
322 481 23212.068092224854 322 325 326 328 329 331 332 481
242 255 53687.760853925836 242 244 247 248 249 250 251 252 253 254 255
249 130 70597.41207435452 249 250 251 252 253 266 267 268 269 270 271 133 130
137 482 21353.282750588267 137 139 399 411 482
182 475 57968.18111749105 182 184 185 186 187 193 194 195 196 476 474 475
210 343 14831.158996822056 210 212 213 340 341 343
242 268 48971.802173024145 242 244 247 248 249 250 251 252 253 266 267 268
245 254 40836.78615659302 245 247 248 249 250 251 252 253 254
251 295 43073.28432194204 251 252 253 266 267 268 269 270 271 295
135 40 25089.811438804853 135 137 139 141 400 405 89 68 40
358 94 32486.46840179567 358 92 90 93 94
245 321 30821.549922598482 245 247 248 249 250 321
336 378 20939.43763234767 336 337 338 377 378
201 232 12980.533615418424 201 203 205 206 232
245 294 67560.25669672711 245 247 248 249 250 251 252 253 266 267 268 269 294
185 190 23231.82035055593 185 186 187 188 189 190
244 301 46607.55992226664 244 247 248 249 250 251 252 301
242 492 67408.1025109365 242 244 247 248 249 250 321 322 325 326 328 329 331 489 490 492
400 146 25649.10406751398 400 405 89 68 40 41 95 146
158 477 12838.491937062068 158 159 196 476 477
252 330 32677.190149174174 252 327 328 329 330
184 220 40903.082947071984 184 185 186 187 193 194 195 216 219 220
137 51 32024.829805433044 137 139 141 400 405 89 68 102 50 51
322 332 18804.712959283854 322 325 326 328 329 331 332
250 258 35307.8491570192 250 251 252 253 254 256 257 258
156 161 23475.108331175037 156 157 158 159 161
135 41 27090.895547927812 135 137 139 141 400 405 89 68 40 41
135 89 20199.65643186285 135 137 139 141 400 405 89
237 293 30550.04441227182 237 239 240 241 243 293
283 145 7708.331214485197 283 284 365 366 144 145
249 295 59932.348275746386 249 250 251 252 253 266 267 268 269 270 271 295
134 425 43996.44221394036 134 135 137 139 399 411 412 415 427 424 425
249 493 21811.25589382372 249 250 321 322 333 493
247 332 47388.271551224876 247 248 249 250 321 322 325 326 328 329 331 332
186 195 16259.679893159144 186 187 193 194 195
307 381 20554.45997984359 307 309 338 377 381
283 39 20371.511791390614 283 284 365 366 144 38 39
242 481 56561.99147741898 242 244 247 248 249 250 321 322 325 326 328 329 331 332 481
185 226 36580.39610277204 185 186 187 193 217 218 222 226
251 330 37177.58394537137 251 252 327 328 329 330
210 355 11110.902353116884 210 212 213 340 354 355
244 326 40854.99423307815 244 247 248 249 250 321 322 325 326
266 270 25031.212505524076 266 267 268 269 270
139 426 32522.99556776372 139 399 411 412 415 427 424 426
382 501 14509.776944794687 382 496 497 499 501
68 456 13412.042312185904 68 40 41 95 456
135 415 22733.979651021215 135 137 139 399 411 412 415
186 475 36170.05611780048 186 187 193 194 195 196 476 474 475
412 439 23902.767576213562 412 415 427 424 438 437 439
182 189 25791.41300427733 182 184 185 186 187 188 189
400 40 14171.958356819463 400 405 89 68 40
134 424 36944.17472144919 134 135 137 139 399 411 412 415 427 424
361 391 25066.612294230163 361 388 389 390 391
134 456 39938.07860602788 134 135 137 139 141 400 405 89 68 40 41 95 456
404 426 23950.02313081555 404 412 415 427 424 426
68 410 15194.190811896136 68 40 41 95 146 410
245 130 86195.17676100122 245 247 248 249 250 251 252 253 266 267 268 269 270 271 133 130
248 130 80929.33158545427 248 249 250 251 252 253 266 267 268 269 270 271 133 130
137 405 13778.725032501861 137 139 141 400 405
242 277 40965.22316264287 242 244 247 248 249 250 251 252 253 277
242 131 88971.16715307938 242 244 247 248 249 250 251 252 253 266 267 268 269 270 271 133 130 131
247 294 62876.28053891111 247 248 249 250 251 252 253 266 267 268 269 294
193 475 30254.62445602265 193 194 195 196 476 474 475
159 226 26207.337030129966 159 161 197 216 219 220 222 226
247 270 66819.5643956358 247 248 249 250 251 252 253 266 267 268 269 270
245 327 51034.73010041806 245 247 248 249 250 251 252 327
245 131 88888.77851764228 245 247 248 249 250 251 252 253 266 267 268 269 270 271 133 130 131
248 270 66237.69537790485 248 249 250 251 252 253 266 267 268 269 270
251 331 27836.35632610514 251 252 327 328 329 331
267 271 28300.43055458281 267 268 269 270 271
325 481 19271.05161389452 325 326 328 329 331 332 481
182 222 39464.96328601478 182 184 185 186 187 193 217 218 222
283 440 17713.718150384804 283 285 286 452 440
250 268 23578.45617272398 250 251 252 253 266 267 268
399 487 19119.60257019902 399 411 412 415 487
141 146 31951.374281691616 141 400 405 89 68 40 41 95 146
252 271 37976.140574190875 252 253 266 267 268 269 270 271
249 133 70340.8415391483 249 250 251 252 253 266 267 268 269 270 271 133
135 50 27766.248516165175 135 137 139 141 400 405 89 68 102 50
248 327 45768.884924871105 248 249 250 251 252 327
253 133 45810.64035031044 253 266 267 268 269 270 271 133
247 259 46151.698108940494 247 248 249 250 251 252 253 254 256 257 259
135 429 53506.4624197681 135 137 139 399 411 412 415 427 428 429
248 325 31942.7060525404 248 249 250 321 322 325
197 222 14405.191868615724 197 216 219 220 222
251 489 33499.91575855577 251 252 327 328 329 331 489
154 191 19412.432051646472 154 156 157 158 177 191
182 150 29775.545850258255 182 184 185 207 233 150
328 491 19459.01540542235 328 329 331 489 490 491
184 476 38955.793894237984 184 185 186 187 193 194 195 196 476
253 270 31375.57467796724 253 266 267 268 269 270
405 51 18246.104772931183 405 89 68 102 50 51
134 146 40231.526445143914 134 135 137 139 141 400 405 89 68 40 41 95 146
244 251 32335.858669787052 244 247 248 249 250 251
234 290 25750.05756196293 234 278 282 288 289 290
325 482 30106.498736021673 325 326 328 329 331 332 481 482
267 131 42255.846061385986 267 268 269 270 271 133 130 131
187 474 34156.1333401891 187 193 194 195 196 476 474
244 257 43923.73306236168 244 247 248 249 250 251 252 253 254 256 257
307 378 17124.287499267604 307 309 338 377 378
244 299 49496.163844957504 244 247 248 249 250 251 252 253 266 267 299
163 103 24979.80436107175 163 164 165 104 103
244 131 88767.8085469783 244 247 248 249 250 251 252 253 266 267 268 269 270 271 133 130 131
321 488 42361.005617602576 321 322 325 326 328 329 331 332 481 482 488
54 166 25682.886942623118 54 163 164 165 166
134 405 21835.810401730196 134 135 137 139 141 400 405
382 446 28291.465403639337 382 496 497 499 501 447 446
163 168 31845.261960120137 163 164 165 166 167 168
195 222 15307.775715641827 195 216 219 220 222
244 324 36842.16803332943 244 247 248 249 250 321 322 323 324
139 425 35801.27926524631 139 399 411 412 415 427 424 425
328 492 22380.504929719566 328 329 331 489 490 492
400 456 25355.65622839794 400 405 89 68 40 41 95 456
154 226 50113.43830227729 154 156 157 158 159 161 197 216 219 220 222 226
322 492 34058.17912574239 322 325 326 328 329 331 489 490 492
141 95 28854.774170248773 141 400 405 89 68 40 41 95
184 475 48617.51726992031 184 185 186 187 193 194 195 196 476 474 475
247 254 36152.809998777026 247 248 249 250 251 252 253 254
137 41 22698.37947434402 137 139 141 400 405 89 68 40 41
245 326 40975.96420374213 245 247 248 249 250 321 322 325 326
82 94 40676.10562009736 82 83 91 90 93 94
411 432 28692.466636236182 411 412 415 427 428 432
205 150 17606.426085350206 205 206 207 233 150
248 266 41206.482872380766 248 249 250 251 252 253 266
242 294 67642.64533216422 242 244 247 248 249 250 251 252 253 266 267 268 269 294
252 492 42927.19944740401 252 327 328 329 331 489 490 492
244 331 47613.50698733936 244 247 248 249 250 321 322 325 326 328 329 331
54 168 38143.28127916393 54 163 164 165 166 167 168
158 474 20530.146698415898 158 159 196 476 474
251 481 36581.482210083675 251 252 327 328 329 331 332 481
247 269 57641.75962078704 247 248 249 250 251 252 253 266 267 268 269
156 221 38598.29420149328 156 157 158 159 161 197 216 219 220 221
405 143 15323.312170900967 405 89 68 40 41 95 143
161 221 15123.185870318237 161 197 216 219 220 221
247 328 40261.23278796385 247 248 249 250 321 322 325 326 328
201 150 22994.30024475074 201 203 205 206 207 233 150
242 249 15680.153322083792 242 244 247 248 249
249 271 59335.59832419242 249 250 251 252 253 266 267 268 269 270 271
184 478 41452.349151987466 184 185 186 187 193 194 195 196 476 477 478
139 437 36484.296748081746 139 399 411 412 415 427 424 438 437
139 410 33525.06415704405 139 141 400 405 89 68 40 41 95 146 410
251 133 53481.77758534396 251 252 253 266 267 268 269 270 271 133
250 299 24306.17645075843 250 251 252 253 266 267 299
252 259 13878.451830108268 252 253 254 256 257 259
340 357 20093.339210631653 340 354 355 356 357
327 332 13596.225617175643 327 328 329 331 332
248 324 31697.292828446454 248 249 250 321 322 323 324
141 40 20474.228570997097 141 400 405 89 68 40
405 81 13557.221718423893 405 89 68 40 81
242 295 75612.50159783018 242 244 247 248 249 250 251 252 253 266 267 268 269 270 271 295
156 197 24463.689240239266 156 157 158 159 161 197
139 429 48975.86876671859 139 399 411 412 415 427 428 429
365 39 19616.561499897274 365 366 144 38 39
184 193 18362.892813897648 184 185 186 187 193
137 95 29077.840964472736 137 139 141 400 405 89 68 40 41 95
248 326 35710.11902819518 248 249 250 321 322 325 326
201 207 12617.666580839636 201 203 205 206 207
134 400 14582.422377629931 134 135 137 139 141 400
247 324 32279.16184617741 247 248 249 250 321 322 323 324
196 220 12621.460655691913 196 197 216 219 220
245 493 37409.0205804704 245 247 248 249 250 321 322 333 493
184 188 14640.58810512712 184 185 186 187 188
248 299 44351.288640074534 248 249 250 251 252 253 266 267 299
158 475 21376.639082578895 158 159 196 476 474 475
252 482 42916.53553601363 252 327 328 329 331 332 481 482
267 130 39562.24430474493 267 268 269 270 271 133 130
205 264 18873.024259821912 205 206 207 233 264
242 130 86277.56539643832 242 244 247 248 249 250 251 252 253 266 267 268 269 270 271 133 130
137 68 18468.950924613637 137 139 141 400 405 89 68
315 320 29036.582843710436 315 317 318 319 320
245 251 32456.828640451036 245 247 248 249 250 251
253 130 46067.210885516666 253 266 267 268 269 270 271 133 130
185 221 41258.69651954545 185 186 187 193 194 195 216 219 220 221
244 255 53484.40224782475 244 247 248 249 250 251 252 253 254 255
404 429 40402.89632977042 404 412 415 427 428 429
21 29 24633.649785045993 21 22 23 24 28 29
185 216 28938.943289957297 185 186 187 193 194 195 216
185 194 25305.732710160635 185 186 187 193 194
363 145 10492.864077609229 363 365 366 144 145
134 427 35101.40750191512 134 135 137 139 399 411 412 415 427
325 490 23793.417461062985 325 326 328 329 331 489 490
244 256 42665.99231095431 244 247 248 249 250 251 252 253 254 256
137 429 49113.94634618431 137 139 399 411 412 415 427 428 429
250 490 35691.011324287276 250 321 322 325 326 328 329 331 489 490
327 491 25928.202259336962 327 328 329 331 489 490 491
337 446 29001.905905375377 337 382 496 497 499 501 447 446
202 357 31117.722172046022 202 213 340 354 355 356 357
244 329 46207.12014226639 244 247 248 249 250 321 322 325 326 328 329
250 267 21321.975091393237 250 251 252 253 266 267
250 266 21161.370683064662 250 251 252 253 266
321 482 36493.500041510546 321 322 325 326 328 329 331 332 481 482
245 488 73182.55554020107 245 247 248 249 250 321 322 325 326 328 329 331 332 481 482 488
193 221 25381.437039661432 193 194 195 216 219 220 221
242 133 86020.9948612321 242 244 247 248 249 250 251 252 253 266 267 268 269 270 271 133
284 38 6182.527916912668 284 365 366 144 38
137 428 31379.867081104327 137 139 399 411 412 415 427 428
234 289 25478.468855307903 234 278 282 288 289
137 487 19894.926588227267 137 139 399 411 412 415 487
139 89 15669.06277881334 139 141 400 405 89
404 437 27911.32431113358 404 412 415 427 424 438 437
249 488 57584.790853554376 249 250 321 322 325 326 328 329 331 332 481 482 488
249 331 32136.712271356657 249 250 321 322 325 326 328 329 331
193 474 29408.132071859654 193 194 195 196 476 474
322 495 18122.1495545019 322 325 326 328 495
159 478 7242.3022318594185 159 196 476 477 478
249 266 30874.563361281034 249 250 251 252 253 266
251 482 47416.92933221083 251 252 327 328 329 331 332 481 482
253 269 22197.769903118482 253 266 267 268 269
321 332 21250.69778644239 321 322 325 326 328 329 331 332
247 331 43050.50080018734 247 248 249 250 321 322 325 326 328 329 331
248 271 69667.51783529216 248 249 250 251 252 253 266 267 268 269 270 271
157 476 19372.925490666785 157 158 159 196 476
141 88 16323.631306488705 141 400 405 89 88
137 102 19915.396968752044 137 139 141 400 405 89 68 102
141 51 31801.763011209085 141 400 405 89 68 102 50 51
249 330 41477.93989062289 249 250 321 322 325 326 328 329 330
245 256 42786.96228161829 245 247 248 249 250 251 252 253 254 256
250 329 21017.132748067306 250 321 322 325 326 328 329
182 191 27804.91778717561 182 184 185 186 187 188 191
154 475 38313.571621939576 154 156 157 158 159 196 476 474 475
322 482 34047.51521435201 322 325 326 328 329 331 332 481 482
32 78 18432.062272943418 32 34 73 77 78
164 168 27686.10890379131 164 165 166 167 168
322 329 13060.55536317335 322 325 326 328 329
242 491 64486.61298663929 242 244 247 248 249 250 321 322 325 326 328 329 331 489 490 491
244 493 37288.05060980642 244 247 248 249 250 321 322 333 493
244 328 44824.23897511586 244 247 248 249 250 321 322 325 326 328
249 489 37800.27170380729 249 250 321 322 325 326 328 329 331 489
285 473 33831.25510018468 285 286 452 451 459 473
404 81 18647.031081427405 404 405 89 68 40 81
182 218 37099.36453098901 182 184 185 186 187 193 217 218
268 133 37049.19268820796 268 269 270 271 133
139 432 37916.01988039066 139 399 411 412 415 427 428 432
251 488 53284.43490830286 251 252 327 328 329 331 332 481 482 488
250 130 60884.21939613816 250 251 252 253 266 267 268 269 270 271 133 130
249 332 36474.48302239419 249 250 321 322 325 326 328 329 331 332
135 405 18171.241106085654 135 137 139 141 400 405
252 488 48784.04111210566 252 327 328 329 331 332 481 482 488
161 222 15393.772777679953 161 197 216 219 220 222
159 221 16985.020124426635 159 161 197 216 219 220 221
247 495 46705.70814644292 247 248 249 250 321 322 325 326 328 495
321 331 16912.927035404857 321 322 325 326 328 329 331
248 254 35570.94098104607 248 249 250 251 252 253 254
244 325 37087.58125742337 244 247 248 249 250 321 322 325
17 42 31593.0070526265 17 36 37 43 42
182 474 57121.68873332805 182 184 185 186 187 193 194 195 196 476 474
251 332 32174.12707714267 251 252 327 328 329 331 332
337 501 15220.217446530727 337 382 496 497 499 501
337 498 10220.07945345428 337 382 496 497 498
247 321 26137.573764782486 247 248 249 250 321
248 493 32143.17540492345 248 249 250 321 322 333 493
244 254 40715.81618592904 244 247 248 249 250 251 252 253 254
245 328 44945.20894577984 245 247 248 249 250 321 322 325 326 328
158 478 14211.470964646061 158 159 196 476 477 478
53 167 34757.53548414542 53 54 163 164 165 166 167
252 490 36603.45426105494 252 327 328 329 331 489 490
184 189 16440.749156706603 184 185 186 187 188 189
244 130 86074.20679033724 244 247 248 249 250 251 252 253 266 267 268 269 270 271 133 130
154 221 40891.12139657396 154 156 157 158 159 161 197 216 219 220 221
156 476 26359.021051176573 156 157 158 159 196 476
134 439 44926.1456494256 134 135 137 139 399 411 412 415 427 424 438 437 439
139 81 27197.869171460035 139 141 400 405 89 68 40 81
161 226 24345.50277602157 161 197 216 219 220 222 226
156 162 24980.548011792573 156 157 158 159 161 162
245 482 67315.04996410903 245 247 248 249 250 321 322 325 326 328 329 331 332 481 482
321 489 22576.48646785549 321 322 325 326 328 329 331 489
326 488 32206.591336458925 326 328 329 331 332 481 482 488
193 476 20592.901080340333 193 194 195 196 476
336 384 25436.536882066262 336 337 338 377 378 384
248 253 34862.1206999376 248 249 250 251 252 253
307 86 20736.784945325166 307 309 310 85 84 86
465 471 38991.38282277474 465 468 469 470 471
242 254 40919.17479203013 242 244 247 248 249 250 251 252 253 254
135 426 37053.589220813235 135 137 139 399 411 412 415 427 424 426
139 427 26906.244553221062 139 399 411 412 415 427
400 143 22576.700195001227 400 405 89 68 40 41 95 143
242 324 37045.526639430514 242 244 247 248 249 250 321 322 323 324
247 130 81511.20060318522 247 248 249 250 251 252 253 266 267 268 269 270 271 133 130
135 51 36417.34587901684 135 137 139 141 400 405 89 68 102 50 51
307 383 29109.594605175444 307 309 338 377 381 383
83 94 39118.53251330279 83 91 90 93 94
249 327 35436.96541377138 249 250 251 252 327
283 38 6256.488622635556 283 284 365 366 144 38
266 295 29057.784914465352 266 267 268 269 270 271 295
210 356 16836.982568677326 210 212 213 340 354 355 356
201 355 28846.615581981445 201 351 352 353 354 355
250 254 15525.828791729964 250 251 252 253 254
252 491 40005.70992310679 252 327 328 329 331 489 490 491
236 243 37975.842765074485 236 237 239 240 241 243
315 333 38651.39869659687 315 317 318 319 320 333
186 477 27631.90897228365 186 187 193 194 195 196 476 477
193 478 23089.45633808982 193 194 195 196 476 477 478
249 495 35791.919617612235 249 250 321 322 325 326 328 495
245 324 36963.13800399341 245 247 248 249 250 321 322 323 324
286 473 24401.109026447346 286 452 451 459 473
247 482 62631.07380629303 247 248 249 250 321 322 325 326 328 329 331 332 481 482
325 492 30117.162647412053 325 326 328 329 331 489 490 492
194 475 20826.151225746038 194 195 196 476 474 475
249 277 25285.06984055908 249 250 251 252 253 277
184 153 23311.67597677979 184 185 207 233 150 153
327 490 22525.94659728511 327 328 329 331 489 490
317 493 39401.2019688465 317 318 319 320 333 493
141 50 23150.66564835742 141 400 405 89 68 102 50
266 294 21087.92864879939 266 267 268 269 294
184 474 47771.02488575731 184 185 186 187 193 194 195 196 476 474
156 478 28855.57630892606 156 157 158 159 196 476 477 478
326 489 12422.072186711845 326 328 329 331 489
252 299 12659.91137897326 252 253 266 267 299
236 241 28920.895479833 236 237 239 240 241
245 312 26520.248719282878 245 247 248 249 312
19 25 38703.856371303766 19 21 22 23 24 25
250 508 25044.839768505877 250 321 322 333 493 508
247 256 38102.98612380229 247 248 249 250 251 252 253 254 256
242 258 60701.195157319366 242 244 247 248 249 250 251 252 253 254 256 257 258
278 293 24671.368243440746 278 279 280 287 293
321 328 14123.659023181357 321 322 325 326 328
268 131 39999.364980055245 268 269 270 271 133 130 131
251 267 14176.103815805256 251 252 253 266 267
404 410 24974.226067011423 404 405 89 68 40 41 95 146 410
242 266 46554.71668336482 242 244 247 248 249 250 251 252 253 266
137 146 32174.44107591558 137 139 141 400 405 89 68 40 41 95 146
250 481 31168.64547711881 250 321 322 325 326 328 329 331 332 481
139 488 27082.710747214573 139 399 411 482 488
297 462 25861.035803073642 297 454 453 455 460 463 462
251 270 39046.71191300076 251 252 253 266 267 268 269 270
297 463 22387.441642718717 297 454 453 455 460 463
247 326 36291.98804592613 247 248 249 250 321 322 325 326
399 429 48338.62232815607 399 411 412 415 427 428 429
363 39 23156.044654514648 363 365 366 144 38 39
244 330 56954.73460660559 244 247 248 249 250 321 322 325 326 328 329 330
186 190 13269.992532449733 186 187 188 189 190
245 322 33267.53474975702 245 247 248 249 250 321 322
19 28 34832.04322153065 19 21 22 23 24 28
134 140 11288.723961327913 134 135 137 139 140
245 481 56479.602841981876 245 247 248 249 250 321 322 325 326 328 329 331 332 481
201 357 23497.456575347125 201 351 352 356 357
309 383 27113.864970097908 309 338 377 381 383
242 321 30903.93855803559 242 244 247 248 249 250 321
247 492 62641.737717683405 247 248 249 250 321 322 325 326 328 329 331 489 490 492
242 328 45027.59758121695 242 244 247 248 249 250 321 322 325 326 328
89 143 13294.896845123765 89 68 40 41 95 143
272 292 25067.69038167755 272 274 275 291 292
315 446 20649.05263969393 315 499 501 447 446
245 271 74933.36301083911 245 247 248 249 250 251 252 253 266 267 268 269 270 271
135 424 33279.60542580465 135 137 139 399 411 412 415 427 424
186 220 28455.62179495216 186 187 193 194 195 216 219 220
250 324 11652.180639130347 250 321 322 323 324
244 271 74812.39304017513 244 247 248 249 250 251 252 253 266 267 268 269 270 271
154 421 18990.73309416895 154 156 171 178 421
137 412 12966.292703983696 137 139 399 411 412
427 439 9824.738147510474 427 424 438 437 439
242 331 47816.865593440445 242 244 247 248 249 250 321 322 325 326 328 329 331
250 495 26078.726939395856 250 321 322 325 326 328 495
400 410 27137.804728108174 400 405 89 68 40 41 95 146 410
268 130 37305.763223414186 268 269 270 271 133 130
227 276 23142.041389277063 227 272 274 275 276
19 24 30116.855879896324 19 21 22 23 24
156 475 36020.744426858895 156 157 158 159 196 476 474 475
21 25 26371.89304365254 21 22 23 24 25
249 267 31035.16776960961 249 250 251 252 253 266 267
236 443 39683.65114794613 236 237 239 240 241 442 443
68 146 13705.490151301943 68 40 41 95 146
404 438 25279.37470041399 404 412 415 427 424 438
242 267 46715.3210916934 242 244 247 248 249 250 251 252 253 266 267
139 415 18203.3859979717 139 399 411 412 415
286 472 27803.83919236571 286 452 451 459 473 472
251 131 56431.94987719125 251 252 253 266 267 268 269 270 271 133 130 131
205 290 22101.547260376145 205 231 281 289 290
245 277 40882.83452720576 245 247 248 249 250 251 252 253 277
184 190 25717.45368456956 184 185 186 187 188 189 190
249 301 31130.76520628394 249 250 251 252 301
156 477 27482.597281342067 156 157 158 159 196 476 477
283 144 5456.576404491086 283 284 365 366 144
184 150 20424.882002687522 184 185 207 233 150
404 146 23485.52540641723 404 405 89 68 40 41 95 146
244 327 50913.76012975408 244 247 248 249 250 251 252 327
358 393 26429.237213575856 358 361 388 392 393
411 439 27507.429456577058 411 412 415 427 424 438 437 439
244 488 73061.58556953708 244 247 248 249 250 321 322 325 326 328 329 331 332 481 482 488
336 381 24369.610112923656 336 337 338 377 381
253 295 35402.14708690852 253 266 267 268 269 270 271 295
283 472 41212.60340638736 283 285 286 452 451 459 473 472
242 250 25393.346000300164 242 244 247 248 249 250
210 349 12439.573346143909 210 212 213 340 349
321 491 33582.67442860371 321 322 325 326 328 329 331 489 490 491
247 267 41948.956298440295 247 248 249 250 251 252 253 266 267
134 415 26398.54894666576 134 135 137 139 399 411 412 415
135 102 24307.913042335837 135 137 139 141 400 405 89 68 102
252 131 51931.55608099405 252 253 266 267 268 269 270 271 133 130 131
250 491 39093.26698633913 250 321 322 325 326 328 329 331 489 490 491
182 190 35068.117532140284 182 184 185 186 187 188 189 190
326 490 20026.004485408208 326 328 329 331 489 490
321 495 20568.13438166043 321 322 325 326 328 495
337 447 20003.22399057813 337 382 496 497 499 501 447
251 299 17160.305175170448 251 252 253 266 267 299
337 499 13667.326866271804 337 382 496 497 499
244 489 53277.06641978999 244 247 248 249 250 321 322 325 326 328 329 331 489
187 219 21311.781690137024 187 193 194 195 216 219
213 356 14245.897534186905 213 340 354 355 356
17 67 28852.337575818485 17 36 37 52 67
139 95 28939.763385007016 139 141 400 405 89 68 40 41 95
156 423 23387.602994115055 156 171 178 421 423
245 491 64404.22435120218 245 247 248 249 250 321 322 325 326 328 329 331 489 490 491
201 151 25400.9608657303 201 203 205 206 207 233 150 151
252 257 7087.480596377436 252 253 254 256 257
331 488 25448.078582197715 331 332 481 482 488
251 258 28161.977881431223 251 252 253 254 256 257 258
252 295 38572.89052574484 252 253 266 267 268 269 270 271 295
54 103 31277.823680115544 54 163 164 165 104 103
415 439 18527.596702759834 415 427 424 438 437 439
134 399 8832.40938725658 134 135 137 139 399
248 257 38778.85785747871 248 249 250 251 252 253 254 256 257
244 258 60497.83655121828 244 247 248 249 250 251 252 253 254 256 257 258
404 439 28158.010263783366 404 412 415 427 424 438 437 439
242 332 52154.63634447798 242 244 247 248 249 250 321 322 325 326 328 329 331 332
198 9 9900.160799956288 198 199 200 10 9
249 253 24530.20118883787 249 250 251 252 253
315 493 41484.90002411805 315 317 318 319 320 333 493
325 491 27195.673123114837 325 326 328 329 331 489 490 491
245 255 53605.37221848873 245 247 248 249 250 251 252 253 254 255
182 188 23991.251952697847 182 184 185 186 187 188
182 197 46782.66450774959 182 184 185 186 187 193 194 195 196 197
307 87 21805.155426854762 307 309 310 85 84 87
135 143 33494.55327698662 135 137 139 141 400 405 89 68 40 41 95 143
139 50 23235.654863115662 139 141 400 405 89 68 102 50
185 195 26221.507711265338 185 186 187 193 194 195
322 488 39915.02079044404 322 325 326 328 329 331 332 481 482 488
135 81 31728.462824509545 135 137 139 141 400 405 89 68 40 81
137 432 38054.097459856384 137 139 399 411 412 415 427 428 432
400 51 25499.492797031453 400 405 89 68 102 50 51
193 220 22540.190133174336 193 194 195 216 219 220
242 271 75015.75164627621 242 244 247 248 249 250 251 252 253 266 267 268 269 270 271
250 131 63577.82115277922 250 251 252 253 266 267 268 269 270 271 133 130 131
411 437 27260.74350392727 411 412 415 427 424 438 437
203 414 20498.552175045537 203 205 360 413 414
182 233 22182.847365961272 182 184 185 207 233
187 221 30129.43830799088 187 193 194 195 216 219 220 221
404 424 20176.039335806963 404 412 415 427 424
239 443 20618.692432749343 239 240 241 442 443
206 151 13367.205772657318 206 207 233 150 151
322 490 27734.433939393322 322 325 326 328 329 331 489 490
154 162 27273.375206873254 154 156 157 158 159 161 162
242 259 50918.0629021936 242 244 247 248 249 250 251 252 253 254 256 257 259
134 41 30755.464843572354 134 135 137 139 141 400 405 89 68 40 41
249 481 40881.838155335194 249 250 321 322 325 326 328 329 331 332 481
137 431 27239.777156235075 137 139 399 411 412 415 427 431
248 328 39679.36377023289 248 249 250 321 322 325 326 328
187 477 26464.478578835275 187 193 194 195 196 476 477
249 325 21610.78654144067 249 250 321 322 325
250 493 12098.063215607344 250 321 322 333 493
251 268 16432.584897136003 251 252 253 266 267 268
185 476 36470.16056022436 185 186 187 193 194 195 196 476
412 432 25087.80475587269 412 415 427 428 432
247 277 36198.85836938977 247 248 249 250 251 252 253 277
139 431 27101.69957676935 139 399 411 412 415 427 431
249 254 25239.02146994634 249 250 251 252 253 254
203 150 21602.00905276779 203 205 206 207 233 150
251 269 29868.907138152 251 252 253 266 267 268 269
157 197 17477.59367972948 157 158 159 161 197
247 330 52391.728419453575 247 248 249 250 321 322 325 326 328 329 330
242 323 34061.95506447967 242 244 247 248 249 250 321 322 323
195 221 15037.188808280112 195 216 219 220 221
244 277 40761.86455654178 244 247 248 249 250 251 252 253 277
154 423 25680.430189195737 154 156 171 178 421 423
315 508 54431.67657701658 315 317 318 319 320 333 493 508
315 449 13041.339405465424 315 317 503 450 449
251 490 41103.84805725213 251 252 327 328 329 331 489 490
248 490 55736.12351360339 248 249 250 321 322 325 326 328 329 331 489 490
351 355 17960.135965077025 351 352 353 354 355
159 222 17255.60703178835 159 161 197 216 219 220 222
137 425 35939.356844712034 137 139 399 411 412 415 427 424 425
242 495 51472.07293969602 242 244 247 248 249 250 321 322 325 326 328 495
195 478 12745.208106708504 195 196 476 477 478
399 427 26268.99811465854 399 411 412 415 427
193 477 21716.477310505827 193 194 195 196 476 477
185 218 25263.067349404657 185 186 187 193 217 218
242 508 50438.18576880604 242 244 247 248 249 250 321 322 333 493 508
399 428 30604.543063076082 399 411 412 415 427 428
203 264 22868.607227239496 203 205 206 207 233 264
245 270 71503.54055345179 245 247 248 249 250 251 252 253 266 267 268 269 270
336 499 24699.825888451047 336 337 382 496 497 499
327 492 28849.691783634178 327 328 329 331 489 490 492
248 488 67916.7103646541 248 249 250 321 322 325 326 328 329 331 332 481 482 488
251 495 31491.563672360713 251 252 327 328 495
251 491 44506.10371930398 251 252 327 328 329 331 489 490 491
251 294 35103.428056276076 251 252 253 266 267 268 269 294
249 255 38007.60753184205 249 250 251 252 253 254 255
161 220 12281.938963831142 161 197 216 219 220
283 373 4728.963269201315 283 284 365 371 373
201 343 34478.248769320075 201 202 213 340 341 343
182 226 48416.6932843564 182 184 185 186 187 193 217 218 222 226
159 475 14407.470349792253 159 196 476 474 475
405 41 8919.654441842158 405 89 68 40 41
156 222 38868.88110885499 156 157 158 159 161 197 216 219 220 222
250 294 42249.29933186405 250 251 252 253 266 267 268 269 294
252 332 27673.733280945475 252 327 328 329 331 332
244 312 26399.27874861889 244 247 248 249 312
154 474 37467.079237776576 154 156 157 158 159 196 476 474
321 508 19534.247210770453 321 322 333 493 508
404 425 27228.306828298137 404 412 415 427 424 425
89 146 16367.300717636517 89 68 40 41 95 146
137 143 29102.037203402826 137 139 141 400 405 89 68 40 41 95 143
198 11 7702.8928971798205 198 199 200 10 11
244 321 30700.579951934502 244 247 248 249 250 321
15 67 25620.26578914404 15 36 37 52 67
193 226 20703.136622888025 193 217 218 222 226
252 258 23661.584085234033 252 253 254 256 257 258
141 143 28878.970409178863 141 400 405 89 68 40 41 95 143
325 331 10525.925729915987 325 326 328 329 331
242 322 33349.923385194124 242 244 247 248 249 250 321 322
250 330 31764.74721240651 250 321 322 325 326 328 329 330
350 357 17860.268187628048 350 351 352 356 357
253 294 27432.290821242554 253 266 267 268 269 294
336 61 21060.309873193954 336 337 382 496 62 61
350 355 23209.427194262367 350 351 352 353 354 355
326 492 26349.749671757276 326 328 329 331 489 490 492
134 141 8280.152163452298 134 135 137 139 141
201 434 20332.491001143157 201 203 205 360 413 434
400 102 13390.059960350449 400 405 89 68 102
157 423 24862.034319699975 157 158 177 178 421 423
182 264 31042.14402472996 182 184 185 207 233 264
244 492 67204.74390483541 244 247 248 249 250 321 322 325 326 328 329 331 489 490 492
249 131 73291.01383099558 249 250 251 252 253 266 267 268 269 270 271 133 130 131
187 475 35002.6257243521 187 193 194 195 196 476 474 475
244 295 75409.1429917291 244 247 248 249 250 251 252 253 266 267 268 269 270 271 295
336 49 24985.557466569324 336 337 382 496 62 49
157 474 28188.15648218611 157 158 159 196 476 474
242 251 32539.217275888142 242 244 247 248 249 250 251
135 95 33470.35703805653 135 137 139 141 400 405 89 68 40 41 95
32 101 21449.21468261742 32 69 70 71 101
201 414 21890.843367028487 201 203 205 360 413 414
202 355 16811.875766639703 202 213 340 354 355
139 68 18330.873345147917 139 141 400 405 89 68
337 61 10027.81085101471 337 382 496 62 61
250 295 50219.155597530014 250 251 252 253 266 267 268 269 270 271 295
244 332 51951.27773837689 244 247 248 249 250 321 322 325 326 328 329 331 332
319 508 27914.5010586695 319 320 333 493 508
21 28 22500.07989387942 21 22 23 24 28
158 422 18441.277794535403 158 177 178 421 422
278 290 20213.284017274687 278 282 288 289 290
350 354 19379.270611761982 350 351 352 353 354
247 493 32725.044422654406 247 248 249 250 321 322 333 493
170 192 18494.56461997365 170 173 174 179 192
196 226 24685.024467882344 196 197 216 219 220 222 226
297 460 15444.31733202784 297 454 453 455 460
134 411 17418.716192848537 134 135 137 139 399 411
245 252 36957.222436648226 245 247 248 249 250 251 252
244 482 67194.07999344505 244 247 248 249 250 321 322 325 326 328 329 331 332 481 482
242 270 71585.9291888889 242 244 247 248 249 250 251 252 253 266 267 268 269 270
156 422 24624.856252720692 156 171 178 421 422
182 476 48306.45774180872 182 184 185 186 187 193 194 195 196 476
284 145 7634.370508762308 284 365 366 144 145
187 476 25340.90234866978 187 193 194 195 196 476
250 492 42014.75651063635 250 321 322 325 326 328 329 331 489 490 492
184 191 18454.253939604885 184 185 186 187 188 191
223 402 19288.467290514793 223 224 229 401 402
194 220 13111.716902897719 194 195 216 219 220
404 50 14684.816773083036 404 405 89 68 102 50
157 422 26099.28757830561 157 158 177 178 421 422
250 482 42004.09259924597 250 321 322 325 326 328 329 331 332 481 482
244 495 51268.71433359494 244 247 248 249 250 321 322 325 326 328 495
399 432 37278.77344182814 399 411 412 415 427 428 432
245 333 34575.51925294923 245 247 248 249 250 321 322 333
399 425 35164.03282668379 399 411 412 415 427 424 425
249 269 46727.97109195635 249 250 251 252 253 266 267 268 269
248 259 45569.82909120954 248 249 250 251 252 253 254 256 257 259
54 167 28479.79683999926 54 163 164 165 166 167
252 331 23335.962529907945 252 327 328 329 331
400 81 20810.609742524157 400 405 89 68 40 81
216 226 21542.070135291484 216 219 220 222 226
156 191 17119.60485656579 156 157 158 177 191
194 226 25175.28071508815 194 195 216 219 220 222 226
182 187 22965.55539313893 182 184 185 186 187
227 291 29121.37508208328 227 272 274 275 291
201 354 25016.45899948106 201 351 352 353 354
157 221 31612.198640983494 157 158 159 161 197 216 219 220 221
237 243 29842.545671307613 237 239 240 241 243
58 11 11853.585960076187 58 199 200 10 11
139 51 31886.752225967328 139 141 400 405 89 68 102 50 51
141 456 31657.926442575575 141 400 405 89 68 40 41 95 456
411 426 23299.44232360924 411 412 415 427 424 426
201 264 24260.898419222445 201 203 205 206 207 233 264
250 133 60627.648860931935 250 251 252 253 266 267 268 269 270 271 133
245 495 51389.68430425892 245 247 248 249 250 321 322 325 326 328 495
247 255 48921.396060672734 247 248 249 250 251 252 253 254 255
247 299 44933.15765780549 247 248 249 250 251 252 253 266 267 299
329 492 20997.62376256904 329 331 489 490 492
212 343 13615.74033941742 212 213 340 341 343
206 153 13847.339125770022 206 207 233 150 153
327 481 18003.580750116646 327 328 329 331 332 481
245 266 46472.32804792772 245 247 248 249 250 251 252 253 266
134 432 46111.18282908472 134 135 137 139 399 411 412 415 427 428 432
247 258 55934.83036406626 247 248 249 250 251 252 253 254 256 257 258
187 197 23817.10911461066 187 193 194 195 196 197
283 293 18794.510879580146 283 285 286 287 293
186 218 15301.239531298459 186 187 193 217 218
186 478 29004.887999867646 186 187 193 194 195 196 476 477 478
317 333 36567.700641325326 317 318 319 320 333
247 301 42044.55373511463 247 248 249 250 251 252 301
139 428 31241.789501638603 139 399 411 412 415 427 428
184 216 31424.576623970926 184 185 186 187 193 194 195 216
157 226 40834.515546686824 157 158 159 161 197 216 219 220 222 226
135 488 31613.304400264085 135 137 139 399 411 482 488
182 477 49430.03397197421 182 184 185 186 187 193 194 195 196 476 477
245 490 61001.96868915033 245 247 248 249 250 321 322 325 326 328 329 331 489 490
141 68 18245.884130389673 141 400 405 89 68
248 133 80672.76105024805 248 249 250 251 252 253 266 267 268 269 270 271 133
244 252 36836.252465984246 244 247 248 249 250 251 252
244 268 48768.44356692306 244 247 248 249 250 251 252 253 266 267 268
325 488 35974.004312113706 325 326 328 329 331 332 481 482 488
201 290 27489.421419776678 201 203 205 231 281 289 290
285 459 26840.529503731144 285 286 452 451 459
135 412 17358.808777567487 135 137 139 399 411 412
248 481 51213.757666434925 248 249 250 321 322 325 326 328 329 331 332 481
247 266 41788.35189011172 247 248 249 250 251 252 253 266
400 50 16848.395434179787 400 405 89 68 102 50
248 252 31691.377261101276 248 249 250 251 252
245 323 33979.56642904256 245 247 248 249 250 321 322 323
237 442 24582.07926340438 237 239 240 241 442
325 489 16189.485162366622 325 326 328 329 331 489
248 330 51809.85940172262 248 249 250 321 322 325 326 328 329 330
336 446 40034.40492755463 336 337 382 496 497 499 501 447 446
399 438 33215.10069879964 399 411 412 415 427 424 438
89 51 16217.689447153985 89 68 102 50 51
134 40 28754.380734449394 134 135 137 139 141 400 405 89 68 40
185 151 20345.909289653457 185 207 233 150 151
405 146 18395.71604341372 405 89 68 40 41 95 146
250 326 15665.006838879071 250 321 322 325 326
496 446 24662.650899356973 496 497 499 501 447 446
245 267 46632.93245625629 245 247 248 249 250 251 252 253 266 267
182 217 27972.74218962078 182 184 185 186 187 193 217
195 475 19910.376224641335 195 196 476 474 475
249 333 18977.754566302545 249 250 321 322 333
327 488 34706.53344833583 327 328 329 331 332 481 482 488
250 270 46192.58318858874 250 251 252 253 266 267 268 269 270
249 491 48806.4596645555 249 250 321 322 325 326 328 329 331 489 490 491
212 357 24201.33010111857 212 213 340 354 355 356 357
266 130 39722.8487130735 266 267 268 269 270 271 133 130
134 437 44679.45969677581 134 135 137 139 399 411 412 415 427 424 438 437
411 424 19525.458528600655 411 412 415 427 424
247 251 27772.852482635037 247 248 249 250 251
242 325 37290.93986352446 242 244 247 248 249 250 321 322 325
404 143 20413.121533904476 404 405 89 68 40 41 95 143
135 427 31436.83820627058 135 137 139 399 411 412 415 427
245 492 67325.7138754994 245 247 248 249 250 321 322 325 326 328 329 331 489 490 492
184 477 40079.370124403475 184 185 186 187 193 194 195 196 476 477
141 410 33440.074942285806 141 400 405 89 68 40 41 95 146 410
251 256 10330.133641167256 251 252 253 254 256
269 131 26563.04273903924 269 270 271 133 130 131
283 473 37809.873240468994 283 285 286 452 451 459 473
194 477 12288.004080229213 194 195 196 476 477
202 343 20532.13241034488 202 213 340 341 343
1 445 19879.819010362356 1 47 448 444 445
186 219 22479.2120835854 186 187 193 194 195 216 219
244 333 34454.54928228525 244 247 248 249 250 321 322 333
270 131 17385.23796419048 270 271 133 130 131
248 331 42468.63178245639 248 249 250 321 322 325 326 328 329 331
137 424 28887.089352220857 137 139 399 411 412 415 427 424
154 159 23906.101272147323 154 156 157 158 159
154 478 31148.403504006743 154 156 157 158 159 196 476 477 478
252 130 49237.95432435299 252 253 266 267 268 269 270 271 133 130
156 219 29780.63758363942 156 157 158 159 161 197 216 219
248 294 62294.41152118016 248 249 250 251 252 253 266 267 268 269 294
137 427 27044.322132686786 137 139 399 411 412 415 427
252 294 30603.034260078886 252 253 266 267 268 269 294
252 268 11932.191100938813 252 253 266 267 268
404 456 23192.07756730119 404 405 89 68 40 41 95 456
399 437 35847.050309519225 399 411 412 415 427 424 438 437
283 451 28148.598492743386 283 285 286 452 451
82 93 31010.130110271562 82 83 91 90 93
213 357 22825.663724032784 213 340 354 355 356 357
157 222 31882.785548345208 157 158 159 161 197 216 219 220 222
399 439 36093.73626216901 399 411 412 415 427 424 438 437 439
201 281 17922.673143194625 201 203 205 231 281
156 160 28872.262838865026 156 157 158 159 160
326 491 23428.26014746006 326 328 329 331 489 490 491
248 333 29309.674077402276 248 249 250 321 322 333
245 268 48889.41353758704 245 247 248 249 250 251 252 253 266 267 268
267 133 39305.6737695387 267 268 269 270 271 133
318 493 22644.456639812626 318 319 320 333 493
205 153 20493.220059442472 205 206 207 233 150 153
68 143 10633.086278789191 68 40 41 95 143
134 88 24603.783469941 134 135 137 139 141 400 405 89 88
135 400 10917.853081985388 135 137 139 141 400
329 482 20986.95985117866 329 331 332 481 482
15 42 28360.935265952055 15 36 37 43 42
223 403 22489.4622085113 223 224 229 401 403
249 268 33291.64885094036 249 250 251 252 253 266 267 268
187 220 27288.191401503784 187 193 194 195 216 219 220
139 424 28749.011772755133 139 399 411 412 415 427 424
252 133 48981.38378914676 252 253 266 267 268 269 270 271 133
137 50 23373.732442581382 137 139 141 400 405 89 68 102 50
185 474 45285.39155174368 185 186 187 193 194 195 196 476 474
358 391 30349.54853951517 358 361 388 389 390 391
245 253 40127.96587548455 245 247 248 249 250 251 252 253
307 84 14115.657203684998 307 309 310 85 84
182 230 31269.897238451602 182 184 185 186 230
89 95 13270.700606193674 89 68 40 41 95
321 329 15506.540190331882 321 322 325 326 328 329
326 332 11096.283505298743 326 328 329 331 332
242 256 42869.350917055395 242 244 247 248 249 250 251 252 253 254 256
236 442 32715.376357171255 236 237 239 240 241 442
248 258 55352.9613463353 248 249 250 251 252 253 254 256 257 258
249 328 29347.444259133157 249 250 321 322 325 326 328
157 475 29034.648866349107 157 158 159 196 476 474 475
247 268 44205.43737977104 247 248 249 250 251 252 253 266 267 268
154 476 28651.848246257254 154 156 157 158 159 196 476
251 492 47427.5932436012 251 252 327 328 329 331 489 490 492
186 197 24984.539508059035 186 187 193 194 195 196 197
157 478 21869.480748416274 157 158 159 196 476 477 478
322 330 23808.169827512553 322 325 326 328 329 330
201 341 28667.24885754887 201 202 213 340 341
182 219 44277.33708327596 182 184 185 186 187 193 194 195 216 219
411 438 24628.793893207683 411 412 415 427 424 438
266 131 42416.45046971456 266 267 268 269 270 271 133 130 131
248 332 46806.40253349392 248 249 250 321 322 325 326 328 329 331 332
139 438 33852.34713736216 139 399 411 412 415 427 424 438
248 301 41462.68471738367 248 249 250 251 252 301
201 413 17196.293209545656 201 203 205 360 413
134 95 37134.92633370107 134 135 137 139 141 400 405 89 68 40 41 95
336 447 31035.72301275738 336 337 382 496 497 499 501 447
157 162 17994.45245128279 157 158 159 161 162
54 104 25265.660655473985 54 163 164 165 104
253 131 48760.812642157725 253 266 267 268 269 270 271 133 130 131
137 426 32661.073147229443 137 139 399 411 412 415 427 424 426
135 68 22861.46699819743 135 137 139 141 400 405 89 68
186 196 23656.436907134033 186 187 193 194 195 196
328 482 22369.841018329185 328 329 331 332 481 482
454 463 17275.81524995448 454 453 455 460 463
248 508 45089.951957821984 248 249 250 321 322 333 493 508
137 438 33990.42471682788 137 139 399 411 412 415 427 424 438
239 293 19618.382790841904 239 240 241 243 293
194 221 15952.963809384815 194 195 216 219 220 221
252 270 34546.318116803566 252 253 266 267 268 269 270
205 151 20013.086706329766 205 206 207 233 150 151
117 45 12931.74177182058 117 129 127 44 45
195 226 24259.505713983446 195 216 219 220 222 226
245 301 46728.52989293062 245 247 248 249 250 251 252 301
186 476 26508.332742118157 186 187 193 194 195 196 476
247 329 41644.11395511437 247 248 249 250 321 322 325 326 328 329
248 268 43623.56836204009 248 249 250 251 252 253 266 267 268
247 333 29891.54309513323 247 248 249 250 321 322 333
184 219 34926.673235705224 184 185 186 187 193 194 195 216 219
328 490 16056.759743370498 328 329 331 489 490
251 329 26429.969481032163 251 252 327 328 329
158 216 11634.435627625127 158 159 161 197 216
185 219 32441.039901691594 185 186 187 193 194 195 216 219
154 220 38049.87449008686 154 156 157 158 159 161 197 216 219 220
411 425 26577.72602109183 411 412 415 427 424 425
242 330 57158.09321270668 242 244 247 248 249 250 321 322 325 326 328 329 330
202 356 22537.955982200147 202 213 340 354 355 356
411 429 39752.31552256411 411 412 415 427 428 429
53 166 31960.625586769274 53 54 163 164 165 166
244 267 46511.96248559231 244 247 248 249 250 251 252 253 266 267
318 508 35591.23319271116 318 319 320 333 493 508
134 68 26526.03629384197 134 135 137 139 141 400 405 89 68
250 259 25524.716901893436 250 251 252 253 254 256 257 259
247 481 51795.62668416588 247 248 249 250 321 322 325 326 328 329 331 332 481
247 491 59720.248193386185 247 248 249 250 321 322 325 326 328 329 331 489 490 491
247 508 45671.82097555294 247 248 249 250 321 322 333 493 508
139 88 16408.62052124695 139 141 400 405 89 88
251 271 42476.53437038807 251 252 253 266 267 268 269 270 271
242 482 67397.43859954613 242 244 247 248 249 250 321 322 325 326 328 329 331 332 481 482
53 103 37555.5623242617 53 54 163 164 165 104 103
184 195 28707.141045278968 184 185 186 187 193 194 195
157 421 18172.337224673185 157 158 177 178 421
158 221 23954.18885721328 158 159 161 197 216 219 220 221
328 481 11534.393896202033 328 329 331 332 481
184 196 36103.89805925386 184 185 186 187 193 194 195 196
234 287 26421.166450223896 234 278 279 280 287
134 81 35393.03212015409 134 135 137 139 141 400 405 89 68 40 81
399 431 26464.45313820683 399 411 412 415 427 431
212 356 15621.56391127269 212 213 340 354 355 356
185 222 27628.666104430427 185 186 187 193 217 218 222
251 130 53738.34812055019 251 252 253 266 267 268 269 270 271 133 130
19 29 36965.61311269722 19 21 22 23 24 28 29
154 422 26917.683447801377 154 156 171 178 421 422
249 490 45404.20400250365 249 250 321 322 325 326 328 329 331 489 490
182 216 40775.24047154166 182 184 185 186 187 193 194 195 216
184 218 27748.700683418287 184 185 186 187 193 217 218
137 88 16546.69810071267 137 139 141 400 405 89 88
247 131 84204.80235982628 247 248 249 250 251 252 253 266 267 268 269 270 271 133 130 131
169 422 24291.91046718183 169 171 178 421 422
250 256 17476.00491675523 250 251 252 253 254 256
242 333 34657.90788838633 242 244 247 248 249 250 321 322 333
248 489 48132.19121490703 248 249 250 321 322 325 326 328 329 331 489
194 478 13660.983107813207 194 195 196 476 477 478
210 341 9020.159085050855 210 212 213 340 341
244 250 25189.987394199074 244 247 248 249 250
245 259 50835.67426675649 245 247 248 249 250 251 252 253 254 256 257 259
400 41 16173.042465942422 400 405 89 68 40 41
411 431 17878.146332614873 411 412 415 427 431
158 219 15136.532239359425 158 159 161 197 216 219
141 102 19692.33017452808 141 400 405 89 68 102
247 489 48714.060232637974 247 248 249 250 321 322 325 326 328 329 331 489
187 226 25451.13789121747 187 193 217 218 222 226
135 456 36273.509310383335 135 137 139 141 400 405 89 68 40 41 95 456
134 50 31430.817811809717 134 135 137 139 141 400 405 89 68 102 50
405 410 19884.416704007912 405 89 68 40 41 95 146 410
137 456 31880.99323679954 137 139 141 400 405 89 68 40 41 95 456
135 411 13754.146897203991 135 137 139 399 411
249 329 30730.32542628368 249 250 321 322 325 326 328 329
249 270 55905.77586680511 249 250 251 252 253 266 267 268 269 270
196 221 15462.70756217901 196 197 216 219 220 221
242 299 49699.52245105859 242 244 247 248 249 250 251 252 253 266 267 299
248 277 35616.98935165881 248 249 250 251 252 253 277
245 330 57075.70457726957 245 247 248 249 250 321 322 325 326 328 329 330
307 312 18161.396991223024 307 309 310 311 312
53 168 44421.01992331009 53 54 163 164 165 166 167 168
139 40 20559.21778575534 139 141 400 405 89 68 40
134 438 42047.51008605622 134 135 137 139 399 411 412 415 427 424 438
248 267 41367.08728070934 248 249 250 251 252 253 266 267
187 478 27837.45760641927 187 193 194 195 196 476 477 478
197 226 23356.921866957342 197 216 219 220 222 226
309 86 18741.055310247633 309 310 85 84 86
242 257 44127.09166846277 242 244 247 248 249 250 251 252 253 254 256 257
404 102 11226.481299253697 404 405 89 68 102
187 216 17809.685078402727 187 193 194 195 216
247 322 28583.55859194102 247 248 249 250 321 322
248 295 70264.26778684613 248 249 250 251 252 253 266 267 268 269 270 271 295
158 222 24224.775764574995 158 159 161 197 216 219 220 222
185 197 34946.36732616523 185 186 187 193 194 195 196 197
244 481 56358.632871317895 244 247 248 249 250 321 322 325 326 328 329 331 332 481
197 221 14134.604961254008 197 216 219 220 221
415 437 18280.910750110048 415 427 424 438 437
139 143 28963.959623937106 139 141 400 405 89 68 40 41 95 143
135 437 41014.89040113127 135 137 139 399 411 412 415 427 424 438 437
245 331 47734.47695800334 245 247 248 249 250 321 322 325 326 328 329 331
284 39 20297.55108566773 284 365 366 144 38 39
185 189 13955.115822692975 185 186 187 188 189
412 425 22973.064140728333 412 415 427 424 425
247 325 32524.575070271356 247 248 249 250 321 322 325
358 394 19020.067260568514 358 361 388 392 394
185 196 33618.26472524023 185 186 187 193 194 195 196
322 331 14466.942208246324 322 325 326 328 329 331
248 255 48339.52704294178 248 249 250 251 252 253 254 255
139 102 19777.319389286324 139 141 400 405 89 68 102
40 410 12965.846371288711 40 41 95 146 410
22 29 12708.62593535513 22 23 24 28 29
248 482 62049.20478856208 248 249 250 321 322 325 326 328 329 331 332 481 482
193 197 19069.10784628121 193 194 195 196 197
400 95 22552.503956071138 400 405 89 68 40 41 95
309 87 19809.42579177723 309 310 85 84 87
53 165 25945.629444714934 53 54 163 164 165
139 146 32036.36349644986 139 141 400 405 89 68 40 41 95 146
137 488 27220.788326680296 137 139 399 411 482 488
497 446 18940.75308109066 497 499 501 447 446
89 410 17856.00137823071 89 68 40 41 95 146 410
250 489 28087.079025590916 250 321 322 325 326 328 329 331 489
412 426 19694.78044324575 412 415 427 424 426
242 253 40210.35451092166 242 244 247 248 249 250 251 252 253
141 41 22475.312680120056 141 400 405 89 68 40 41
185 153 20826.042642766162 185 207 233 150 153
89 456 16073.852878520478 89 68 40 41 95 456
201 289 27217.83271312165 201 203 205 231 281 289
163 167 22181.777520955464 163 164 165 166 167
156 474 35174.252042695894 156 157 158 159 196 476 474
363 38 9041.02148575959 363 365 366 144 38
203 151 24008.66967374735 203 205 206 207 233 150 151
321 490 30180.418766551855 321 322 325 326 328 329 331 489 490
141 81 27112.879956701792 141 400 405 89 68 40 81
182 478 50803.0129995582 182 184 185 186 187 193 194 195 196 476 477 478
248 131 83622.93334209533 248 249 250 251 252 253 266 267 268 269 270 271 133 130 131
247 488 68498.57938238507 247 248 249 250 321 322 325 326 328 329 331 332 481 482 488
154 197 26756.516435319947 154 156 157 158 159 161 197
134 488 25345.67457301991 134 332 481 482 488
185 477 37593.73679038985 185 186 187 193 194 195 196 476 477
182 220 50253.74679464272 182 184 185 186 187 193 194 195 216 219 220
249 259 35237.90958010981 249 250 251 252 253 254 256 257 259
154 477 29775.424476422748 154 156 157 158 159 196 476 477
242 269 62408.12441404014 242 244 247 248 249 250 251 252 253 266 267 268 269
185 220 38417.44961305835 185 186 187 193 194 195 216 219 220
250 255 28294.414853625676 250 251 252 253 254 255
194 474 19979.65884158304 194 195 196 476 474
337 383 21892.245716076264 337 338 377 381 383
245 325 37208.55122808735 245 247 248 249 250 321 322 325
249 492 51727.94918885272 249 250 321 322 325 326 328 329 331 489 490 492
382 447 19292.78348884209 382 496 497 499 501 447
203 153 24488.803026860056 203 205 206 207 233 150 153
186 216 18977.115471851102 186 187 193 194 195 216
227 277 24224.5955808432 227 272 274 275 277
58 9 14050.853862852651 58 199 200 10 9
336 498 21252.578475633523 336 337 382 496 497 498
184 264 21691.48017715923 184 185 207 233 264
157 220 28770.951734496397 157 158 159 161 197 216 219 220
154 177 18426.530811050856 154 156 157 158 177
19 149 25374.5581262917 19 20 148 147 149
250 271 49622.40564597605 250 251 252 253 266 267 268 269 270 271
184 226 39066.02943678568 184 185 186 187 193 217 218 222 226
182 193 27713.556661468378 182 184 185 186 187 193
156 196 23507.12521619245 156 157 158 159 196
135 146 36566.95714949937 135 137 139 141 400 405 89 68 40 41 95 146
242 329 46410.47874836747 242 244 247 248 249 250 321 322 325 326 328 329
137 437 36622.37432754747 137 139 399 411 412 415 427 424 438 437
247 257 39360.726875209664 247 248 249 250 251 252 253 254 256 257
203 233 14009.310568470808 203 205 206 207 233
404 431 18528.72713982118 404 412 415 427 431
253 259 10707.708391271943 253 254 256 257 259
248 323 28713.72125349561 248 249 250 321 322 323
134 429 57171.03171541264 134 135 137 139 399 411 412 415 427 428 429
325 332 14863.696480953518 325 326 328 329 331 332
252 269 25368.51334195481 252 253 266 267 268 269
250 269 37014.77841373998 250 251 252 253 266 267 268 269
244 253 40006.99590482057 244 247 248 249 250 251 252 253
135 428 35772.38315468812 135 137 139 399 411 412 415 427 428
196 222 15733.294469540724 196 197 216 219 220 222
249 258 45021.04183523558 249 250 251 252 253 254 256 257 258
137 81 27335.946750925752 137 139 141 400 405 89 68 40 81
135 487 24287.442661811056 135 137 139 399 411 412 415 487
358 390 27934.82839283479 358 361 388 389 390
135 410 38055.657810093566 135 137 139 141 400 405 89 68 40 41 95 146 410
184 217 18622.078342050052 184 185 186 187 193 217
157 219 22794.542023129638 157 158 159 161 197 216 219
156 216 26278.540971905124 156 157 158 159 161 197 216
283 372 4021.33957414665 283 284 365 371 372
245 269 62325.73577860303 245 247 248 249 250 251 252 253 266 267 268 269
328 488 28237.346594421215 328 329 331 332 481 482 488
234 293 30208.14178812899 234 278 279 280 287 293
154 219 32073.464778720103 154 156 157 158 159 161 197 216 219
187 222 16499.407892875854 187 193 217 218 222
128 45 20716.03486428117 128 117 129 127 44 45
353 357 23426.430876373423 353 354 355 356 357
247 133 81254.630067979 247 248 249 250 251 252 253 266 267 268 269 270 271 133
337 49 13953.05844439008 337 382 496 62 49
251 255 21148.543578037697 251 252 253 254 255
182 196 45454.561906824594 182 184 185 186 187 193 194 195 196
249 323 18381.801742395877 249 250 321 322 323
154 222 41161.70830393567 154 156 157 158 159 161 197 216 219 220 222
185 478 38966.71581797384 185 186 187 193 194 195 196 476 477 478
244 133 85817.63625513102 244 247 248 249 250 251 252 253 266 267 268 269 270 271 133
248 495 46123.83912871197 248 249 250 321 322 325 326 328 495
159 219 8167.363506572781 159 161 197 216 219
315 511 22200.238645531586 315 317 318 502 511
249 294 51962.49201008042 249 250 251 252 253 266 267 268 269 294
184 222 30114.299438444057 184 185 186 187 193 217 218 222
156 226 47820.61110719661 156 157 158 159 161 197 216 219 220 222 226
399 424 28111.765334192612 399 411 412 415 427 424
185 191 15968.620605591259 185 186 187 188 191
135 432 42446.61353344018 135 137 139 399 411 412 415 427 428 432
249 326 25378.199517095447 249 250 321 322 325 326
250 488 47871.598175338 250 321 322 325 326 328 329 331 332 481 482 488
244 270 71382.57058278781 244 247 248 249 250 251 252 253 266 267 268 269 270
245 329 46328.09011293037 245 247 248 249 250 321 322 325 326 328 329
194 222 16223.55071674653 194 195 216 219 220 222
248 269 57059.89060305609 248 249 250 251 252 253 266 267 268 269
128 44 15528.040955077666 128 117 129 127 44
210 354 7280.745770616497 210 212 213 340 354
325 330 19867.15334918222 325 326 328 329 330
327 489 14922.014298588747 327 328 329 331 489
285 472 37233.985266103045 285 286 452 451 459 473 472
322 491 31136.689601445174 322 325 326 328 329 331 489 490 491
244 508 50234.827162704954 244 247 248 249 250 321 322 333 493 508
329 488 26854.46542727069 329 331 332 481 482 488
285 441 17397.193255494523 285 286 452 440 441
253 271 34805.39713535455 253 266 267 268 269 270 271
46 445 25726.10944983785 46 47 448 444 445
182 221 53094.99370112982 182 184 185 186 187 193 194 195 216 219 220 221
329 491 18076.13423827182 329 331 489 490 491
453 462 17250.20252096611 453 455 460 463 462
412 437 23656.081623563776 412 415 427 424 438 437
247 295 70846.13680457708 247 248 249 250 251 252 253 266 267 268 269 270 271 295
496 447 15663.96898455973 496 497 499 501 447
242 488 73264.94417563817 242 244 247 248 249 250 321 322 325 326 328 329 331 332 481 482 488
247 271 70249.38685302311 247 248 249 250 251 252 253 266 267 268 269 270 271
156 220 35757.04729500618 156 157 158 159 161 197 216 219 220
137 415 18341.463577437426 137 139 399 411 412 415
405 50 9595.007410079521 405 89 68 102 50
317 508 52347.97852174503 317 318 319 320 333 493 508
326 481 15503.638638239743 326 328 329 331 332 481
245 332 52072.24770904087 245 247 248 249 250 321 322 325 326 328 329 331 332
237 443 31550.35405417926 237 239 240 241 442 443
159 220 14143.773217939539 159 161 197 216 219 220
135 482 25745.798824172056 135 137 139 399 411 482
252 489 28999.52196235858 252 327 328 329 331 489
139 439 36730.98270073153 139 399 411 412 415 427 424 438 437 439
245 508 50355.797133368935 245 247 248 249 250 321 322 333 493 508
344 386 30484.673375213766 344 346 347 348 386
137 40 20697.29536522106 137 139 141 400 405 89 68 40
245 250 25310.957364863058 245 247 248 249 250
242 326 41058.352839179235 242 244 247 248 249 250 321 322 325 326
250 328 19634.25158091678 250 321 322 325 326 328
307 384 21621.386748986195 307 309 338 377 378 384
249 299 34019.3691289748 249 250 251 252 253 266 267 299
187 196 22489.006513685657 187 193 194 195 196
249 256 27189.197594971607 249 250 251 252 253 254 256
337 384 14404.037859887016 337 338 377 378 384
404 40 12008.379695722711 404 405 89 68 40
184 194 27791.366044174265 184 185 186 187 193 194
201 233 15401.601760453757 201 203 205 206 207 233
134 428 39436.95245033266 134 135 137 139 399 411 412 415 427 428
139 41 22560.3018948783 139 141 400 405 89 68 40 41
157 477 20496.50172083228 157 158 159 196 476 477
245 257 44044.70303302566 245 247 248 249 250 251 252 253 254 256 257
203 290 26097.13022779373 203 205 231 281 289 290
158 226 33176.50576291661 158 159 161 197 216 219 220 222 226
203 289 25825.5415211387 203 205 231 281 289
266 271 28461.034962911384 266 267 268 269 270 271
321 330 26254.15465467109 321 322 325 326 328 329 330
137 89 15807.14035827906 137 139 141 400 405 89
250 332 26761.29034417781 250 321 322 325 326 328 329 331 332
134 426 40718.15851645778 134 135 137 139 399 411 412 415 427 424 426
249 482 51717.285277462346 249 250 321 322 325 326 328 329 331 332 481 482
134 410 41720.22710573811 134 135 137 139 141 400 405 89 68 40 41 95 146 410
399 426 31885.7491292012 399 411 412 415 427 424 426
53 104 31543.39929962014 53 54 163 164 165 104
135 439 41261.576353781056 135 137 139 399 411 412 415 427 424 438 437 439
250 257 18733.745668162603 250 251 252 253 254 256 257
210 357 25416.7487585232 210 212 213 340 354 355 356 357
186 222 17666.83828632423 186 187 193 217 218 222
266 133 39466.27817786727 266 267 268 269 270 271 133
185 217 16136.445008036422 185 186 187 193 217
212 355 9895.483695712248 212 213 340 354 355
203 265 11757.965512523187 203 205 206 232 265
134 412 21023.378073212032 134 135 137 139 399 411 412
184 151 22831.542623667083 184 185 207 233 150 151
412 438 21024.132012844188 412 415 427 424 438
242 493 37491.40921590751 242 244 247 248 249 250 321 322 333 493
227 292 29209.28746678968 227 272 274 275 291 292
252 481 32081.088413886475 252 327 328 329 331 332 481
322 489 20130.50164069696 322 325 326 328 329 331 489
253 258 20490.840646397704 253 254 256 257 258
154 160 31165.090033945708 154 156 157 158 159 160
404 428 22668.817064690433 404 412 415 427 428
169 423 23054.657208576195 169 171 178 421 423
158 220 21112.941950726185 158 159 161 197 216 219 220
404 41 14009.46380484567 404 405 89 68 40 41
283 374 11175.809096041114 283 284 365 371 374
244 323 33858.59645837858 244 247 248 249 250 321 322 323
134 431 35296.86252546341 134 135 137 139 399 411 412 415 427 431
248 491 59138.37917565524 248 249 250 321 322 325 326 328 329 331 489 490 491
244 294 67439.28672606313 244 247 248 249 250 251 252 253 266 267 268 269 294
201 153 25881.094218843005 201 203 205 206 207 233 150 153
344 349 29857.629226534733 344 346 347 348 349
245 295 75530.11296239308 245 247 248 249 250 251 252 253 266 267 268 269 270 271 295
404 432 29343.04744344249 404 412 415 427 428 432
248 492 62059.86869995246 248 249 250 321 322 325 326 328 329 331 489 490 492
247 490 56317.992531334334 247 248 249 250 321 322 325 326 328 329 331 489 490
247 323 29295.590271226563 247 248 249 250 321 322 323
244 491 64283.2543805382 244 247 248 249 250 321 322 325 326 328 329 331 489 490 491
268 295 26640.699424806036 268 269 270 271 295
247 327 46350.75394260207 247 248 249 250 251 252 327
411 428 22018.236257484125 411 412 415 427 428
244 266 46351.358077263736 244 247 248 249 250 251 252 253 266
134 102 27972.48233798038 134 135 137 139 141 400 405 89 68 102
184 221 43744.32985355908 184 185 186 187 193 194 195 216 219 220 221
452 472 24422.963955070853 452 451 459 473 472
244 490 60880.99871848635 244 247 248 249 250 321 322 325 326 328 329 331 489 490
185 475 46131.883935906684 185 186 187 193 194 195 196 476 474 475
242 490 61084.357324587436 242 244 247 248 249 250 321 322 325 326 328 329 331 489 490
336 62 18160.385076292707 336 337 382 496 62
242 489 53480.425025891076 242 244 247 248 249 250 321 322 325 326 328 329 331 489
321 492 36504.163952900926 321 322 325 326 328 329 331 489 490 492
250 277 15571.877162342704 250 251 252 253 277
267 295 28897.180506136778 267 268 269 270 271 295
326 482 26339.085760366896 326 328 329 331 332 481 482
249 324 21365.373317346723 249 250 321 322 323 324
283 441 21375.81139577883 283 285 286 452 440 441
248 329 41062.24493738342 248 249 250 321 322 325 326 328 329
154 196 25799.95241127313 154 156 157 158 159 196
245 489 53398.03639045397 245 247 248 249 250 321 322 325 326 328 329 331 489
245 133 85938.606225795 245 247 248 249 250 251 252 253 266 267 268 269 270 271 133
405 456 18102.268204297678 405 89 68 40 41 95 456
249 257 28446.938346378978 249 250 251 252 253 254 256 257
154 216 28571.368166985805 154 156 157 158 159 161 197 216
248 256 37521.11710607134 248 249 250 251 252 253 254 256
139 487 19756.849008761543 139 399 411 412 415 487
309 384 19625.65711390866 309 338 377 378 384
250 331 22423.51959314028 250 321 322 325 326 328 329 331
134 51 40081.91517466138 134 135 137 139 141 400 405 89 68 102 50 51
454 462 20749.409410309407 454 453 455 460 463 462
182 194 37142.029891745 182 184 185 186 187 193 194
245 258 60618.80652188226 245 247 248 249 250 251 252 253 254 256 257 258
412 429 36147.65364220062 412 415 427 428 429
336 497 21093.651846463963 336 337 382 496 497
269 130 23869.440982398184 269 270 271 133 130
242 327 51117.11873585517 242 244 247 248 249 250 251 252 327
203 434 18940.199809160207 203 205 360 413 434
405 95 15299.115931970875 405 89 68 40 41 95
404 51 23335.914135934698 404 405 89 68 102 50 51
404 95 20388.925294974386 404 405 89 68 40 41 95
244 322 33146.56477909304 244 247 248 249 250 321 322
248 322 28001.689574210064 248 249 250 321 322
251 259 18378.84562630546 251 252 253 254 256 257 259
336 501 26252.716468709972 336 337 382 496 497 499 501
251 257 11587.874392574628 251 252 253 254 256 257
135 425 40331.87291829582 135 137 139 399 411 412 415 427 424 425
193 219 16563.780421807576 193 194 195 216 219
242 252 37039.61107208533 242 244 247 248 249 250 251 252
242 312 26602.637354719984 242 244 247 248 249 312
244 269 62204.76580793905 244 247 248 249 250 251 252 253 266 267 268 269
186 226 26618.568284665846 186 187 193 217 218 222 226
182 195 38057.8048928497 182 184 185 186 187 193 194 195
134 143 37159.12257263116 134 135 137 139 141 400 405 89 68 40 41 95 143
182 151 32182.206471237816 182 184 185 207 233 150 151
154 161 25767.93552625572 154 156 157 158 159 161
201 265 13150.256704506137 201 203 205 206 232 265
134 89 23864.225727507393 134 135 137 139 141 400 405 89
157 216 19292.44541139534 157 158 159 161 197 216
336 383 32924.74473825551 336 337 338 377 381 383
186 474 35323.56373363748 186 187 193 194 195 196 476 474
249 508 34758.03244672225 249 250 321 322 333 493 508
135 438 38382.94079041168 135 137 139 399 411 412 415 427 424 438
182 153 32662.33982435052 182 184 185 207 233 150 153
139 456 31742.91565733382 139 141 400 405 89 68 40 41 95 456
327 482 28839.027872243798 327 328 329 331 332 481 482
201 349 32086.663118641925 201 202 213 340 349
135 88 20939.21417429646 135 137 139 141 400 405 89 88
244 259 50714.70429609251 244 247 248 249 250 251 252 253 254 256 257 259
184 197 37432.000660178855 184 185 186 187 193 194 195 196 197
321 481 25658.05291938339 321 322 325 326 328 329 331 332 481
283 459 30819.14764401546 283 285 286 452 451 459
137 439 36869.060280197256 137 139 399 411 412 415 427 424 438 437 439
134 487 27952.0119574556 134 135 137 139 399 411 412 415 487
128 112 35909.977299409875 128 117 110 109 112
245 299 49617.133815621484 245 247 248 249 250 251 252 253 266 267 299
137 410 33663.14173650977 137 139 141 400 405 89 68 40 41 95 146 410
158 423 17204.024535929762 158 177 178 421 423
247 252 32273.24627883223 247 248 249 250 251 252
186 221 31296.868701439256 186 187 193 194 195 216 219 220 221
