242 481 5433329.1271 242 244 247 248 249 250 321 322 325 326 328 329 331 332 481
382 446 43668225.0847 382 496 497 499 501 447 446
187 220 1717222.5943 187 193 194 195 216 219 220
266 133 19528154.211999997 266 267 268 269 270 271 133
135 456 3522165.7418 135 137 139 141 400 405 89 68 40 41 95 456
245 492 4314345.7655 245 247 248 249 250 321 322 325 326 328 329 331 489 490 492
351 355 53991.3449 351 352 353 354 355
253 294 13664209.0582 253 266 267 268 269 294
163 168 30033.6171 163 164 165 166 167 168
249 329 1052871.913 249 250 321 322 325 326 328 329
242 324 5092038.756 242 244 247 248 249 250 321 322 323 324
141 95 3484911.1583000002 141 400 405 89 68 40 41 95
141 146 3484972.1454000003 141 400 405 89 68 40 41 95 146
247 271 17760835.6382 247 248 249 250 251 252 253 266 267 268 269 270 271
248 133 21057422.385 248 249 250 251 252 253 266 267 268 269 270 271 133
248 266 1529268.173 248 249 250 251 252 253 266
266 294 13664047.0701 266 267 268 269 294
158 474 1696674.0686 158 159 196 476 474
157 226 2163613.0612999997 157 158 159 196 197 216 219 220 222 226
182 218 278502.5991 182 184 185 186 187 193 217 218
139 425 7212956.903 139 399 411 412 415 427 424 425
245 253 4471928.3901 245 247 248 249 250 251 252 253
248 301 1528870.5271 248 249 250 251 252 301
248 495 2419399.6715 248 249 250 321 322 325 326 328 495
327 489 318159.4129 327 328 329 331 489
247 253 1529128.1513999999 247 248 249 250 251 252 253
239 293 2732711.0058000004 239 240 241 243 293
252 269 325346.2489 252 253 266 267 268 269
244 332 5430512.041300001 244 247 248 249 250 321 322 325 326 328 329 331 332
321 331 381977.24559999997 321 322 325 326 328 329 331
156 421 308277.778 156 157 158 177 178 421
251 332 1529257.0587 251 252 327 328 329 331 332
135 426 10751266.602100002 135 137 139 399 411 412 415 427 424 426
250 481 1053051.6045 250 321 322 325 326 328 329 331 332 481
139 424 7212822.1912 139 399 411 412 415 427 424
154 220 1737306.5277 154 156 157 158 159 196 197 216 219 220
53 168 33953.2324 53 54 163 164 165 166 167 168
202 356 580496.0589000001 202 213 340 354 355 356
399 431 7121399.8841 399 411 412 415 427 431
187 474 2220457.7563 187 193 194 195 196 476 474
412 437 8553599.2663 412 415 427 424 438 437
250 326 1032207.3213 250 321 322 325 326
250 490 1371375.8575 250 321 322 325 326 328 329 331 489 490
336 61 9400468.974300003 336 337 382 496 62 61
248 270 16607605.0848 248 249 250 251 252 253 266 267 268 269 270
249 490 1371397.5813 249 250 321 322 325 326 328 329 331 489 490
252 299 418682.75940000004 252 253 266 267 299
322 489 699093.9398 322 325 326 328 329 331 489
242 250 4380277.5226 242 244 247 248 249 250
336 383 9497799.688099999 336 337 338 377 381 383
82 94 6178961.2747 82 83 91 90 93 94
206 151 52735341.7517 206 207 233 150 151
202 343 12740355.2588 202 213 340 341 343
134 40 3487183.1907 134 135 137 139 141 400 405 89 68 40
157 474 1697277.3934000002 157 158 159 196 476 474
399 432 7124047.501 399 411 412 415 427 428 432
201 264 51686190.3068 201 203 205 206 207 233 264
139 431 7121440.9902 139 399 411 412 415 427 431
250 493 24827151.443400003 250 321 322 333 493
196 220 1707262.2042 196 197 216 219 220
251 269 1853988.8036 251 252 253 266 267 268 269
242 333 29207404.4244 242 244 247 248 249 250 321 322 333
242 258 6961142.197000001 242 244 247 248 249 250 251 252 253 254 256 257 258
186 475 2221845.8499999996 186 187 193 194 195 196 476 474 475
157 422 1059844.5044 157 158 177 178 421 422
135 429 7161302.448400001 135 137 139 399 411 412 415 427 428 429
248 269 1854195.4527 248 249 250 251 252 253 266 267 268 269
1 445 388020.8665 1 47 448 444 445
249 331 1052881.3687 249 250 321 322 325 326 328 329 331
137 487 103852.6886 137 139 399 411 412 415 487
252 133 19528573.181199998 252 253 266 267 268 269 270 271 133
186 218 2931.6441000000004 186 187 193 217 218
182 151 53010986.0794 182 184 185 207 233 150 151
244 299 6324973.098600001 244 247 248 249 250 251 252 253 266 267 299
247 267 1530338.8005 247 248 249 250 251 252 253 266 267
135 487 131865.6463 135 137 139 399 411 412 415 487
248 259 1726410.7806999998 248 249 250 251 252 253 254 256 257 259
156 221 1737297.6904999998 156 157 158 159 196 197 216 219 220 221
252 330 221271.1728 252 327 328 329 330
135 431 7158619.476500001 135 137 139 399 411 412 415 427 431
205 151 52739117.1917 205 206 207 233 150 151
250 133 21057385.301 250 251 252 253 266 267 268 269 270 271 133
244 252 5906290.3392 244 247 248 249 250 251 252
245 271 20703635.8769 245 247 248 249 250 251 252 253 266 267 268 269 270 271
186 190 6780.0582 186 187 188 189 190
89 410 10490145.4234 89 68 40 41 95 146 410
249 295 17761167.203799997 249 250 251 252 253 266 267 268 269 270 271 295
400 51 10393455.8975 400 405 89 68 102 50 51
404 438 8557593.8637 404 412 415 427 424 438
249 323 711733.0742 249 250 321 322 323
248 294 15193315.2431 248 249 250 251 252 253 266 267 268 269 294
139 487 94687.16 139 399 411 412 415 487
336 497 10015071.798500001 336 337 382 496 497
242 493 29207428.966000002 242 244 247 248 249 250 321 322 333 493
227 276 1313469.0044000002 227 272 274 275 276
249 491 1371400.1643 249 250 321 322 325 326 328 329 331 489 490 491
336 501 52943532.45240001 336 337 382 496 497 499 501
201 153 53522325.2175 201 203 205 206 207 233 150 153
249 508 25402379.5943 249 250 321 322 333 493 508
58 11 583921.6677 58 199 200 10 11
245 267 4473139.0392 245 247 248 249 250 251 252 253 266 267
326 488 20857.289999999994 326 328 329 331 332 481 482 488
186 197 524655.6745 186 187 193 194 195 196 197
248 491 1371415.5245 248 249 250 321 322 325 326 328 329 331 489 490 491
182 476 2493841.0937 182 184 185 186 187 193 194 195 196 476
321 490 700493.4582 321 322 325 326 328 329 331 489 490
327 490 318702.0878 327 328 329 331 489 490
297 460 1841779.6854 297 454 453 455 460
184 197 800183.0750999999 184 185 186 187 193 194 195 196 197
244 495 6796840.8069 244 247 248 249 250 321 322 325 326 328 495
201 150 53522306.0299 201 203 205 206 207 233 150
411 437 8644085.7939 411 412 415 427 424 438 437
244 321 5048360.6186999995 244 247 248 249 250 321
182 478 2802122.846 182 184 185 186 187 193 194 195 196 476 477 478
193 219 212335.0288 193 194 195 216 219
251 482 1529284.29 251 252 327 328 329 331 332 481 482
248 257 1726203.8332999998 248 249 250 251 252 253 254 256 257
17 42 127484.8108 17 36 37 43 42
336 446 52943542.55680001 336 337 382 496 497 499 501 447 446
154 216 111923.4309 154 156 157 158 159 196 197 216
268 131 19281541.4999 268 269 270 271 133 130 131
117 45 53055915.265099995 117 129 127 44 45
139 437 8644134.4165 139 399 411 412 415 427 424 438 437
234 290 338896.8313 234 278 282 288 289 290
185 476 2218329.1851 185 186 187 193 194 195 196 476
227 291 1313377.6278000001 227 272 274 275 291
244 490 5748854.076900001 244 247 248 249 250 321 322 325 326 328 329 331 489 490
185 195 92726.6764 185 186 187 193 194 195
248 328 1052835.3217 248 249 250 321 322 325 326 328
134 411 50716.40129999999 134 135 137 139 399 411
412 439 8553618.4298 412 415 427 424 438 437 439
245 268 4796992.6391 245 247 248 249 250 251 252 253 266 267 268
139 438 8644118.853500001 139 399 411 412 415 427 424 438
245 508 28345217.159700003 245 247 248 249 250 321 322 333 493 508
405 143 3474549.9295000006 405 89 68 40 41 95 143
252 259 197561.5769 252 253 254 256 257 259
315 333 2987861.4303 315 317 318 319 320 333
245 269 4797017.6579 245 247 248 249 250 251 252 253 266 267 268 269
244 253 5906547.320300001 244 247 248 249 250 251 252 253
203 290 212661.3435 203 205 231 281 289 290
336 381 9294691.0133 336 337 338 377 381
329 482 210.864 329 331 332 481 482
135 428 7161255.459500001 135 137 139 399 411 412 415 427 428
242 131 25515952.3724 242 244 247 248 249 250 251 252 253 266 267 268 269 270 271 133 130 131
321 330 602808.0914 321 322 325 326 328 329 330
139 427 7121368.0647 139 399 411 412 415 427
319 508 3558647.3867 319 320 333 493 508
157 476 1694259.0627000001 157 158 159 196 476
322 491 699639.1977 322 325 326 328 329 331 489 490 491
156 478 2031935.0772000002 156 157 158 159 196 476 477 478
325 482 372089.1824 325 326 328 329 331 332 481 482
137 438 8653284.382100001 137 139 399 411 412 415 427 424 438
247 327 1529125.6220999998 247 248 249 250 251 252 327
169 423 56908.0281 169 171 178 421 423
196 226 2162985.7919 196 197 216 219 220 222 226
135 95 3522113.5687 135 137 139 141 400 405 89 68 40 41 95
326 481 20844.283199999994 326 328 329 331 332 481
154 476 1723676.1168 154 156 157 158 159 196 476
182 197 800226.6294999999 182 184 185 186 187 193 194 195 196 197
201 414 792454.6731 201 203 205 360 413 414
321 328 381915.83839999995 321 322 325 326 328
337 384 49964.889 337 338 377 378 384
54 104 5020.4467 54 163 164 165 104
250 330 1273690.4907 250 321 322 325 326 328 329 330
139 488 7400320.562 139 399 411 482 488
58 9 9685.4208 58 199 200 10 9
184 474 2496815.8699999996 184 185 186 187 193 194 195 196 476 474
252 492 319067.15839999996 252 327 328 329 331 489 490 492
248 330 1273727.5747 248 249 250 321 322 325 326 328 329 330
154 226 2193030.1154 154 156 157 158 159 196 197 216 219 220 222 226
184 217 277391.2389 184 185 186 187 193 217
156 178 267695.0817 156 157 158 177 178
242 251 4380447.0877 242 244 247 248 249 250 251
252 488 645.2934 252 327 328 329 331 332 481 482 488
245 495 5362221.8767 245 247 248 249 250 321 322 325 326 328 495
250 329 1052850.1892 250 321 322 325 326 328 329
184 188 276367.5597 184 185 186 187 188
249 256 1624693.7515999998 249 250 251 252 253 254 256
161 226 2163166.8548 161 197 216 219 220 222 226
247 332 1053092.8724 247 248 249 250 321 322 325 326 328 329 331 332
253 259 197304.5958 253 254 256 257 259
134 429 7174791.740800001 134 135 137 139 399 411 412 415 427 428 429
182 226 1500867.9232 182 184 185 186 187 193 217 218 222 226
252 490 318956.53959999996 252 327 328 329 331 489 490
193 475 2220995.4824999995 193 194 195 196 476 474 475
135 68 884318.4973 135 137 139 141 400 405 89 68
399 439 8644112.4739 399 411 412 415 427 424 438 437 439
186 477 2218750.8984 186 187 193 194 195 196 476 477
154 191 48072.812 154 156 157 158 177 191
242 491 5751655.9631 242 244 247 248 249 250 321 322 325 326 328 329 331 489 490 491
325 330 592718.6199 325 326 328 329 330
322 495 1747623.3447 322 325 326 328 495
135 432 7161267.093400001 135 137 139 399 411 412 415 427 428 432
325 491 690406.5697 325 326 328 329 331 489 490 491
198 9 8338.4448 198 199 200 10 9
186 191 861.4812000000001 186 187 188 189 191
156 161 30027.7285 156 157 158 159 161
242 327 5909344.0942 242 244 247 248 249 250 251 252 327
203 265 178241.7125 203 205 206 232 265
185 197 524714.7209 185 186 187 193 194 195 196 197
244 294 19570756.3785 244 247 248 249 250 251 252 253 266 267 268 269 294
182 187 276401.6681 182 184 185 186 187
184 264 51165941.1338 184 185 207 233 264
242 492 5751763.998900001 242 244 247 248 249 250 321 322 325 326 328 329 331 489 490 492
242 322 5052016.7654 242 244 247 248 249 250 321 322
248 295 17761182.564 248 249 250 251 252 253 266 267 268 269 270 271 295
128 44 53056231.7892 128 117 129 127 44
250 482 1053061.0532 250 321 322 325 326 328 329 331 332 481 482
205 150 52730231.5236 205 206 207 233 150
157 221 1707903.4282999998 157 158 159 196 197 216 219 220 221
158 477 1694136.4976000001 158 159 196 476 477
248 254 1529111.7402 248 249 250 251 252 253 254
135 41 3473696.4758 135 137 139 141 400 405 89 68 40 41
244 257 6103644.968700001 244 247 248 249 250 251 252 253 254 256 257
337 501 43668219.501 337 382 496 497 499 501
245 330 4216549.7798999995 245 247 248 249 250 321 322 325 326 328 329 330
400 81 3427140.4292000006 400 405 89 68 40 81
245 490 4314235.146699999 245 247 248 249 250 321 322 325 326 328 329 331 489 490
248 131 21135711.9338 248 249 250 251 252 253 266 267 268 269 270 271 133 130 131
137 428 7133242.501800001 137 139 399 411 412 415 427 428
135 40 3473693.8983 135 137 139 141 400 405 89 68 40
250 266 1529231.089 250 251 252 253 266
156 216 111900.639 156 157 158 159 196 197 216
182 153 53002119.598900005 182 184 185 207 233 150 153
453 462 3903048.5095 453 455 460 463 462
163 103 11499.3153 163 164 165 104 103
327 482 387.28349999999995 327 328 329 331 332 481 482
89 146 3474578.9245 89 68 40 41 95 146
283 373 6090.0325 283 284 365 371 373
157 478 2002540.8150000002 157 158 159 196 476 477 478
404 456 50100507.400299996 404 405 89 68 40 41 95 456
182 477 2494321.8534 182 184 185 186 187 193 194 195 196 476 477
250 130 21098803.2075 250 251 252 253 266 267 268 269 270 271 133 130
194 474 2174752.4161 194 195 196 476 474
245 254 4471933.945400001 245 247 248 249 250 251 252 253 254
251 489 1847056.4194 251 252 327 328 329 331 489
247 294 15193337.2096 247 248 249 250 251 252 253 266 267 268 269 294
328 488 266.3736 328 329 331 332 481 482 488
169 422 837866.4222 169 171 178 421 422
325 481 372079.7337 325 326 328 329 331 332 481
244 330 5651168.710100001 244 247 248 249 250 321 322 325 326 328 329 330
283 440 2368031.3017 283 285 286 452 440
404 41 50052038.13429999 404 405 89 68 40 41
137 102 856325.8318 137 139 141 400 405 89 68 102
321 495 1748480.1882 321 322 325 326 328 495
278 290 90.09800000000001 278 282 288 289 290
159 478 2001927.0141 159 196 476 477 478
139 51 10402850.191300001 139 141 400 405 89 68 102 50 51
284 39 240677.2338 284 365 366 144 38 39
134 88 61100.50229999999 134 135 137 139 141 400 405 89 88
327 488 390.84159999999997 327 328 329 331 332 481 482 488
328 492 318688.2386 328 329 331 489 490 492
250 255 1529305.4615999998 250 251 252 253 254 255
196 221 1707276.1589 196 197 216 219 220 221
186 216 92670.2106 186 187 193 194 195 216
322 482 381321.8104 322 325 326 328 329 331 332 481 482
249 299 1947516.6030000001 249 250 251 252 253 266 267 299
245 294 18136137.4483 245 247 248 249 250 251 252 253 266 267 268 269 294
253 269 325089.2678 253 266 267 268 269
245 255 4472164.7508000005 245 247 248 249 250 251 252 253 254 255
205 153 52730250.7112 205 206 207 233 150 153
195 478 2433884.261 195 196 476 477 478
242 330 5653968.013300001 242 244 247 248 249 250 321 322 325 326 328 329 330
496 447 43664110.95900001 496 497 499 501 447
203 414 169744.04410000003 203 205 360 413 414
182 150 53002100.4113 182 184 185 207 233 150
400 95 3475540.7886000006 400 405 89 68 40 41 95
182 195 368238.58499999996 182 184 185 186 187 193 194 195
53 104 5070.3232 53 54 163 164 165 104
82 93 5965650.0884 82 83 91 90 93
137 95 3494100.6110000005 137 139 141 400 405 89 68 40 41 95
157 197 644.5985 157 158 159 196 197
135 88 47611.20989999999 135 137 139 141 400 405 89 88
201 289 835368.4262 201 203 205 231 281 289
139 143 3484955.5725000002 139 141 400 405 89 68 40 41 95 143
203 289 212657.7972 203 205 231 281 289
236 442 1326.4377 236 237 239 240 241 442
194 475 2175309.7967 194 195 196 476 474 475
247 266 1529290.1394999998 247 248 249 250 251 252 253 266
184 476 2493797.5393 184 185 186 187 193 194 195 196 476
252 130 19569991.0877 252 253 266 267 268 269 270 271 133 130
249 325 680993.5946000001 249 250 321 322 325
307 87 32051.663800000002 307 309 310 85 84 87
203 151 52908481.069 203 205 206 207 233 150 151
137 427 7130533.593300001 137 139 399 411 412 415 427
193 221 1717216.8945999998 193 194 195 216 219 220 221
141 50 10402735.6471 141 400 405 89 68 102 50
158 423 278282.7855 158 177 178 421 423
185 151 52735474.1708 185 207 233 150 151
251 329 1529073.426 251 252 327 328 329
182 191 276432.4362 182 184 185 186 187 188 189 191
267 131 19605395.099799998 267 268 269 270 271 133 130 131
286 472 410.9556 286 452 451 459 473 472
134 437 8694802.1952 134 135 137 139 399 411 412 415 427 424 438 437
242 326 5412484.8439 242 244 247 248 249 250 321 322 325 326
315 449 50472163.6698 315 317 503 450 449
134 432 7174756.3858 134 135 137 139 399 411 412 415 427 428 432
400 40 3427121.1182000004 400 405 89 68 40
54 103 15369.054100000001 54 163 164 165 104 103
249 268 1854155.0737 249 250 251 252 253 266 267 268
185 475 2221904.8963999995 185 186 187 193 194 195 196 476 474 475
242 253 5909346.623500001 242 244 247 248 249 250 251 252 253
139 40 3436515.412 139 141 400 405 89 68 40
156 422 1089238.7666 156 157 158 177 178 421 422
158 475 1697231.4492000001 158 159 196 476 474 475
361 391 221476.7333 361 388 389 390 391
244 270 20985046.2202 244 247 248 249 250 251 252 253 266 267 268 269 270
248 327 1529103.6556 248 249 250 251 252 327
139 95 3484935.0824 139 141 400 405 89 68 40 41 95
252 258 1052052.5546 252 253 254 256 257 258
137 488 7409486.0906 137 139 399 411 482 488
245 131 24078534.139 245 247 248 249 250 251 252 253 266 267 268 269 270 271 133 130 131
284 38 109918.3207 284 365 366 144 38
137 405 19571.171599999998 137 139 141 400 405
244 508 29779836.089900002 244 247 248 249 250 321 322 333 493 508
404 51 57018370.33609999 404 405 89 68 102 50 51
321 508 24731475.4712 321 322 333 493 508
250 256 1624672.0277999998 250 251 252 253 254 256
315 320 211338.7234 315 317 318 319 320
283 372 6105.9601 283 284 365 371 372
250 257 1726166.7492999998 250 251 252 253 254 256 257
68 143 2637815.5615000003 68 40 41 95 143
247 481 1053110.655 247 248 249 250 321 322 325 326 328 329 331 332 481
197 222 1707249.3994999998 197 216 219 220 222
411 432 7124039.9845 411 412 415 427 428 432
252 482 641.7353 252 327 328 329 331 332 481 482
252 131 19606862.729999997 252 253 266 267 268 269 270 271 133 130 131
223 403 8261307.8037 223 224 229 401 403
248 324 711798.3174 248 249 250 321 322 323 324
247 256 1624731.0782999997 247 248 249 250 251 252 253 254 256
185 222 769636.9513000001 185 186 187 193 217 218 222
242 295 22141423.0026 242 244 247 248 249 250 251 252 253 266 267 268 269 270 271 295
244 312 4431942.4451 244 247 248 249 312
244 256 6002150.247200001 244 247 248 249 250 251 252 253 254 256
134 439 8694821.3587 134 135 137 139 399 411 412 415 427 424 438 437 439
250 295 17761145.479999997 250 251 252 253 266 267 268 269 270 271 295
244 482 5430539.2726 244 247 248 249 250 321 322 325 326 328 329 331 332 481 482
244 295 22138623.699399997 244 247 248 249 250 251 252 253 266 267 268 269 270 271 295
186 478 2526551.891 186 187 193 194 195 196 476 477 478
134 488 3492.1694 134 332 481 482 488
249 270 16607589.724599998 249 250 251 252 253 266 267 268 269 270
350 355 132500.5594 350 351 352 353 354 355
182 219 488756.3513 182 184 185 186 187 193 194 195 216 219
154 161 30050.5204 154 156 157 158 159 161
247 491 1371437.4910000002 247 248 249 250 321 322 325 326 328 329 331 489 490 491
134 427 7172035.843400001 134 135 137 139 399 411 412 415 427
249 328 1052819.9615 249 250 321 322 325 326 328
427 439 1522785.5153 427 424 438 437 439
187 477 2217920.1853 187 193 194 195 196 476 477
250 269 1854158.3687 250 251 252 253 266 267 268 269
182 189 276429.8491 182 184 185 186 187 188 189
245 332 3995893.1111 245 247 248 249 250 321 322 325 326 328 329 331 332
245 329 3995709.4784 245 247 248 249 250 321 322 325 326 328 329
245 491 4314237.729699999 245 247 248 249 250 321 322 325 326 328 329 331 489 490 491
157 216 82506.3768 157 158 159 196 197 216
236 241 1301.363 236 237 239 240 241
278 293 260887.2861 278 279 280 287 293
203 150 52899595.4009 203 205 206 207 233 150
253 133 19528316.200099997 253 266 267 268 269 270 271 133
139 88 10432.723600000001 139 141 400 405 89 88
350 357 232104.6932 350 351 352 353 354 355 356 357
182 230 275633.27770000004 182 184 185 186 230
250 271 17760776.5877 250 251 252 253 266 267 268 269 270 271
244 329 5430328.408600001 244 247 248 249 250 321 322 325 326 328 329
309 383 1814095.7608 309 338 377 381 383
40 410 7064047.1564 40 41 95 146 410
135 415 127767.2267 135 137 139 399 411 412 415
245 277 4472627.680500001 245 247 248 249 250 251 252 253 277
358 94 215051.5084 358 92 90 93 94
248 481 1053088.6885 248 249 250 321 322 325 326 328 329 331 332 481
184 193 276377.7681 184 185 186 187 193
307 381 1619423.4945 307 309 338 377 381
328 490 318577.6198 328 329 331 489 490
213 356 175296.2905 213 340 354 355 356
465 471 1426901.7541 465 468 469 470 471
245 266 4472090.3782 245 247 248 249 250 251 252 253 266
242 271 22141054.1103 242 244 247 248 249 250 251 252 253 266 267 268 269 270 271
156 197 30038.860699999997 156 157 158 159 196 197
195 221 1625399.6320999998 195 216 219 220 221
307 86 751541.5912 307 309 310 85 84 86
325 488 372092.7405 325 326 328 329 331 332 481 482 488
245 333 27769986.191000003 245 247 248 249 250 321 322 333
158 216 81903.05200000001 158 159 196 197 216
203 153 52899614.5885 203 205 206 207 233 150 153
135 439 8681332.0663 135 137 139 399 411 412 415 427 424 438 437 439
250 258 2580864.6744 250 251 252 253 254 256 257 258
156 220 1737283.7358 156 157 158 159 196 197 216 219 220
322 488 381325.36850000004 322 325 326 328 329 331 332 481 482 488
328 482 262.8155 328 329 331 332 481 482
185 196 524697.3918 185 186 187 193 194 195 196
399 428 7124035.8671 399 411 412 415 427 428
248 322 671776.3268 248 249 250 321 322
245 322 3614598.532 245 247 248 249 250 321 322
285 473 46153.469999999994 285 286 452 451 459 473
251 133 21057215.7359 251 252 253 266 267 268 269 270 271 133
186 196 524638.3454 186 187 193 194 195 196
322 330 601951.2479000001 322 325 326 328 329 330
187 196 523807.6323 187 193 194 195 196
134 140 1816880.7456999999 134 135 137 139 140
337 499 43367330.4942 337 382 496 497 499
358 391 221709.06889999998 358 361 388 389 390 391
266 131 19606443.760799997 266 267 268 269 270 271 133 130 131
157 477 1694739.8224000002 157 158 159 196 476 477
182 233 51162038.8378 182 184 185 207 233
250 332 1053033.8218999999 250 321 322 325 326 328 329 331 332
245 252 4471671.409 245 247 248 249 250 251 252
185 221 1718126.3084999998 185 186 187 193 194 195 216 219 220 221
351 357 153595.4787 351 352 353 354 355 356 357
326 489 338625.8613 326 328 329 331 489
251 257 1725997.1841999998 251 252 253 254 256 257
193 197 523805.307 193 194 195 196 197
250 277 1529768.3913 250 251 252 253 277
187 226 1224466.2551 187 193 217 218 222 226
322 490 699636.6147 322 325 326 328 329 331 489 490
344 386 25097337.0451 344 346 347 348 386
32 78 1702002.9330999998 32 34 73 77 78
54 166 6008.106900000001 54 163 164 165 166
245 493 27770010.732600003 245 247 248 249 250 321 322 333 493
242 312 4434741.7483 242 244 247 248 249 312
270 131 4528106.849 270 271 133 130 131
195 222 1625390.2018 195 216 219 220 222
328 481 253.3668 328 329 331 332 481
139 102 847160.3032000001 139 141 400 405 89 68 102
244 325 5058450.0901999995 244 247 248 249 250 321 322 325
15 42 127580.9084 15 36 37 43 42
134 424 7263489.969900001 134 135 137 139 399 411 412 415 427 424
185 191 920.5276 185 186 187 188 189 191
267 133 19527105.551 267 268 269 270 271 133
244 255 5906783.681000001 244 247 248 249 250 251 252 253 254 255
242 490 5751653.380100001 242 244 247 248 249 250 321 322 325 326 328 329 331 489 490
154 160 31210.9834 154 156 157 158 159 160
247 329 1052909.2397 247 248 249 250 321 322 325 326 328 329
307 378 1649990.6904 307 309 338 377 378
187 197 523824.9614 187 193 194 195 196 197
244 323 5089189.5698 244 247 248 249 250 321 322 323
411 431 7121392.3676 411 412 415 427 431
248 332 1053070.9059 248 249 250 321 322 325 326 328 329 331 332
252 481 632.2866 252 327 328 329 331 332 481
412 425 7122421.752800001 412 415 427 424 425
336 499 52642643.4456 336 337 382 496 497 499
194 222 1671521.7785 194 195 216 219 220 222
242 130 25479080.730100002 242 244 247 248 249 250 251 252 253 266 267 268 269 270 271 133 130
137 89 19582.6736 137 139 141 400 405 89
154 222 1737311.0521 154 156 157 158 159 196 197 216 219 220 222
400 410 10491168.274600001 400 405 89 68 40 41 95 146 410
307 384 1650010.3216 307 309 338 377 378 384
250 331 1052859.6449 250 321 322 325 326 328 329 331
412 432 7033553.456900001 412 415 427 428 432
253 131 19606605.748899996 253 266 267 268 269 270 271 133 130 131
182 221 1993638.2170999998 182 184 185 186 187 193 194 195 216 219 220 221
234 293 599694.0194 234 278 279 280 287 293
137 425 7222122.431600001 137 139 399 411 412 415 427 424 425
363 39 240882.5374 363 365 366 144 38 39
331 488 204.9664 331 332 481 482 488
286 473 363.1705 286 452 451 459 473
53 166 6057.9834 53 54 163 164 165 166
135 400 46572.78009999999 135 137 139 141 400
184 222 1045105.3055 184 185 186 187 193 217 218 222
404 432 7037563.6173 404 412 415 427 428 432
135 146 3522174.5558 135 137 139 141 400 405 89 68 40 41 95 146
234 289 338893.28500000003 234 278 282 288 289
247 270 16607627.051299999 247 248 249 250 251 252 253 266 267 268 269 270
245 489 4313692.4717999995 245 247 248 249 250 321 322 325 326 328 329 331 489
405 95 3474529.4394000005 405 89 68 40 41 95
139 426 10714088.1158 139 399 411 412 415 427 424 426
253 295 16232076.379099999 253 266 267 268 269 270 271 295
154 221 1737320.4823999999 154 156 157 158 159 196 197 216 219 220 221
412 426 10623552.9656 412 415 427 424 426
321 488 382182.212 321 322 325 326 328 329 331 332 481 482 488
336 378 9325258.2092 336 337 338 377 378
307 383 1822532.1693 307 309 338 377 381 383
135 488 7437499.0483 135 137 139 399 411 482 488
187 221 1717236.5489999999 187 193 194 195 216 219 220 221
307 84 9311.7628 307 309 310 85 84
411 426 10714039.4932 411 412 415 427 424 426
242 277 5910045.913900001 242 244 247 248 249 250 251 252 253 277
137 40 3445680.9406000003 137 139 141 400 405 89 68 40
185 219 213244.4427 185 186 187 193 194 195 216 219
242 267 5910557.272600001 242 244 247 248 249 250 251 252 253 266 267
405 41 3426112.3465000005 405 89 68 40 41
322 329 381110.9464 322 325 326 328 329
182 190 282351.0132 182 184 185 186 187 188 189 190
137 431 7130606.518800001 137 139 399 411 412 415 427 431
344 349 37592745.701799996 344 346 347 348 349
134 415 141256.5191 134 135 137 139 399 411 412 415
135 482 7437495.4902 135 137 139 399 411 482
137 432 7133254.1357 137 139 399 411 412 415 427 428 432
283 39 246640.87060000002 283 284 365 366 144 38 39
249 482 1053082.777 249 250 321 322 325 326 328 329 331 332 481 482
19 25 35028230.746800005 19 21 22 23 24 25
185 216 92729.257 185 186 187 193 194 195 216
309 384 1641573.9131 309 338 377 378 384
337 49 4542.530699999999 337 382 496 62 49
139 41 3436517.9895 139 141 400 405 89 68 40 41
242 301 5909110.9657000005 242 244 247 248 249 250 251 252 301
251 330 1749913.7275 251 252 327 328 329 330
185 189 917.9405 185 186 187 188 189
242 268 6234410.8725000005 242 244 247 248 249 250 251 252 253 266 267 268
272 292 2860898.7241 272 274 275 291 292
248 331 1052896.7289 248 249 250 321 322 325 326 328 329 331
157 220 1707889.4736 157 158 159 196 197 216 219 220
249 269 1854180.0925 249 250 251 252 253 266 267 268 269
382 501 43668214.9803 382 496 497 499 501
184 226 1500824.3688 184 185 186 187 193 217 218 222 226
186 195 92667.63 186 187 193 194 195
252 271 16231964.467899999 252 253 266 267 268 269 270 271
244 251 4377647.7845 244 247 248 249 250 251
154 477 1724156.8765 154 156 157 158 159 196 476 477
19 24 35022523.6454 19 21 22 23 24
154 475 1727251.8281 154 156 157 158 159 196 476 474 475
404 431 7034916.0004 404 412 415 427 431
19 28 35022548.6115 19 21 22 23 24 28
164 168 30028.1224 164 165 166 167 168
237 243 1977.5068 237 239 240 241 243
244 491 5748856.6599 244 247 248 249 250 321 322 325 326 328 329 331 489 490 491
237 293 2733272.3943000003 237 239 240 241 243 293
250 491 1371378.4405 250 321 322 325 326 328 329 331 489 490 491
247 323 711770.4009 247 248 249 250 321 322 323
185 153 52726607.6903 185 207 233 150 153
251 481 1529274.8413 251 252 327 328 329 331 332 481
244 493 29204629.662800003 244 247 248 249 250 321 322 333 493
249 277 1529790.1151 249 250 251 252 253 277
247 255 1529364.5120999997 247 248 249 250 251 252 253 254 255
242 495 6799640.1101 242 244 247 248 249 250 321 322 325 326 328 495
184 150 53002056.8569 184 185 207 233 150
321 491 700496.0412 321 322 325 326 328 329 331 489 490 491
156 191 48050.020099999994 156 157 158 177 191
158 422 1059241.1796 158 177 178 421 422
251 492 1847709.7131 251 252 327 328 329 331 489 490 492
327 481 377.8348 327 328 329 331 332 481
283 38 115881.9575 283 284 365 366 144 38
247 488 1053123.6618000001 247 248 249 250 321 322 325 326 328 329 331 332 481 482 488
250 259 1726373.6966999997 250 251 252 253 254 256 257 259
269 130 19244644.8388 269 270 271 133 130
250 488 1053064.6113 250 321 322 325 326 328 329 331 332 481 482 488
251 255 1529135.8964999998 251 252 253 254 255
309 87 23615.2553 309 310 85 84 87
415 437 8553545.676099999 415 427 424 438 437
496 446 43664116.535900004 496 497 499 501 447 446
326 332 20826.500599999996 326 328 329 331 332
137 146 3494161.5981000005 137 139 141 400 405 89 68 40 41 95 146
250 299 1947494.8792 250 251 252 253 266 267 299
163 167 2892.8643999999995 163 164 165 166 167
154 219 232438.6166 154 156 157 158 159 196 197 216 219
399 425 7212915.7969 399 411 412 415 427 424 425
321 482 382178.6539 321 322 325 326 328 329 331 332 481 482
404 102 47462680.44799999 404 405 89 68 102
252 257 197354.62949999998 252 253 254 256 257
250 268 1854133.3499 250 251 252 253 266 267 268
156 226 2193007.3235 156 157 158 159 196 197 216 219 220 222 226
247 324 711820.2839 247 248 249 250 321 322 323 324
21 29 7004007.2619 21 22 23 24 28 29
201 349 463056.64410000003 201 202 213 340 349
154 421 308300.5699 154 156 157 158 177 178 421
137 50 10411925.0998 137 139 141 400 405 89 68 102 50
358 393 10970.9079 358 361 388 392 393
135 412 127713.6365 135 137 139 399 411 412
139 410 10500562.5684 139 141 400 405 89 68 40 41 95 146 410
182 475 2497416.8049999997 182 184 185 186 187 193 194 195 196 476 474 475
248 130 21098840.291500002 248 249 250 251 252 253 266 267 268 269 270 271 133 130
326 492 339279.15499999997 326 328 329 331 489 490 492
251 271 17760607.0226 251 252 253 266 267 268 269 270 271
134 50 10453427.3499 134 135 137 139 141 400 405 89 68 102 50
249 333 24827148.625600003 249 250 321 322 333
247 490 1371434.908 247 248 249 250 321 322 325 326 328 329 331 489 490
156 196 30021.5316 156 157 158 159 196
196 222 1707266.7286 196 197 216 219 220 222
251 294 15193108.594 251 252 253 266 267 268 269 294
250 324 711761.2334 250 321 322 323 324
139 68 847140.011 139 141 400 405 89 68
247 493 24827210.4939 247 248 249 250 321 322 333 493
350 354 132491.9998 350 351 352 353 354
195 475 2129178.2199999997 195 196 476 474 475
157 475 1697834.7740000002 157 158 159 196 476 474 475
154 159 30030.855 154 156 157 158 159
134 426 10764755.8945 134 135 137 139 399 411 412 415 427 424 426
244 488 5430542.8307 244 247 248 249 250 321 322 325 326 328 329 331 332 481 482 488
247 331 1052918.6954 247 248 249 250 321 322 325 326 328 329 331
184 190 282307.45879999996 184 185 186 187 188 189 190
245 133 24000244.5902 245 247 248 249 250 251 252 253 266 267 268 269 270 271 133
154 162 36129.008 154 156 157 158 159 161 162
187 478 2525721.1779 187 193 194 195 196 476 477 478
284 145 29354.024400000002 284 365 366 144 145
139 146 3484996.0695 139 141 400 405 89 68 40 41 95 146
245 323 3654570.6396000003 245 247 248 249 250 321 322 323
185 220 1718112.3538 185 186 187 193 194 195 216 219 220
184 195 368195.03059999994 184 185 186 187 193 194 195
201 232 795897.4378 201 203 205 206 232
242 328 5433075.7603 242 244 247 248 249 250 321 322 325 326 328
213 357 175615.2237 213 340 354 355 356 357
244 130 25476281.4269 244 247 248 249 250 251 252 253 266 267 268 269 270 271 133 130
244 277 5907246.610700001 244 247 248 249 250 251 252 253 277
139 50 10402759.5712 139 141 400 405 89 68 102 50
404 428 7037551.9834 404 412 415 427 428
404 426 10627563.126 404 412 415 427 424 426
242 508 29782635.3931 242 244 247 248 249 250 321 322 333 493 508
227 292 4169081.4301000005 227 272 274 275 291 292
245 256 4567531.317000001 245 247 248 249 250 251 252 253 254 256
250 294 15193278.1591 250 251 252 253 266 267 268 269 294
53 165 4124.0374 53 54 163 164 165
247 326 1032266.3718000001 247 248 249 250 321 322 325 326
267 271 16230496.837699998 267 268 269 270 271
247 328 1052857.2882 247 248 249 250 321 322 325 326 328
250 267 1530279.75 250 251 252 253 266 267
206 153 52726475.2712 206 207 233 150 153
157 222 1707893.998 157 158 159 196 197 216 219 220 222
186 474 2221288.4694 186 187 193 194 195 196 476 474
252 491 318959.12259999994 252 327 328 329 331 489 490 491
135 425 7250135.389300001 135 137 139 399 411 412 415 427 424 425
285 472 46201.255099999995 285 286 452 451 459 473 472
249 267 1530301.4738 249 250 251 252 253 266 267
139 432 7124088.6071 139 399 411 412 415 427 428 432
187 219 212354.6832 187 193 194 195 216 219
248 252 1528849.2038 248 249 250 251 252
250 270 16607568.000799999 250 251 252 253 266 267 268 269 270
245 251 2943028.8543 245 247 248 249 250 251
184 151 53010942.525 184 185 207 233 150 151
404 146 50100516.21429999 404 405 89 68 40 41 95 146
454 462 3906001.5264 454 453 455 460 463 462
412 438 8553583.703300001 412 415 427 424 438
135 437 8681312.9028 135 137 139 399 411 412 415 427 424 438 437
201 343 12798084.9254 201 202 213 340 341 343
249 271 17760798.311499998 249 250 251 252 253 266 267 268 269 270 271
201 356 153281.08049999998 201 351 352 353 354 355 356
242 321 5051159.9218999995 242 244 247 248 249 250 321
249 266 1529252.8128 249 250 251 252 253 266
245 325 3623831.16 245 247 248 249 250 321 322 325
201 265 800952.3415 201 203 205 206 232 265
182 194 322107.0083 182 184 185 186 187 193 194
309 86 743105.1827 309 310 85 84 86
404 50 57018279.71599999 404 405 89 68 102 50
239 443 959.4148 239 240 241 442 443
19 149 857195.0556999999 19 20 148 147 149
184 475 2497373.2505999994 184 185 186 187 193 194 195 196 476 474 475
201 434 800710.4663 201 203 205 360 413 434
242 294 19573555.6817 242 244 247 248 249 250 251 252 253 266 267 268 269 294
329 492 318636.28709999996 329 331 489 490 492
452 472 355.96070000000003 452 451 459 473 472
247 131 21135733.9003 247 248 249 250 251 252 253 266 267 268 269 270 271 133 130 131
141 88 10408.799500000001 141 400 405 89 88
139 456 3484987.2555 139 141 400 405 89 68 40 41 95 456
244 258 6958342.893800001 244 247 248 249 250 251 252 253 254 256 257 258
201 357 153600.01369999998 201 351 352 353 354 355 356 357
249 258 2580886.3981999997 249 250 251 252 253 254 256 257 258
244 268 6231611.569300001 244 247 248 249 250 251 252 253 266 267 268
184 218 278459.04469999997 184 185 186 187 193 217 218
193 474 2220438.1018999997 193 194 195 196 476 474
242 488 5433342.1339 242 244 247 248 249 250 321 322 325 326 328 329 331 332 481 482 488
17 67 12285945.5458 17 36 37 52 67
134 487 145354.9387 134 135 137 139 399 411 412 415 487
242 332 5433311.344500001 242 244 247 248 249 250 321 322 325 326 328 329 331 332
321 489 699950.7833 321 322 325 326 328 329 331 489
267 295 16230865.729999999 267 268 269 270 271 295
249 481 1053073.3283 249 250 321 322 325 326 328 329 331 332 481
139 81 3436534.723 139 141 400 405 89 68 40 81
266 270 15078336.911799999 266 267 268 269 270
325 492 690514.6055000001 325 326 328 329 331 489 490 492
249 259 1726395.4204999998 249 250 251 252 253 254 256 257 259
210 354 150990.0745 210 212 213 340 354
249 332 1053055.5457 249 250 321 322 325 326 328 329 331 332
327 332 360.05219999999997 327 328 329 331 332
135 50 10439938.0575 135 137 139 141 400 405 89 68 102 50
248 489 1370870.2666 248 249 250 321 322 325 326 328 329 331 489
245 482 3995920.3424 245 247 248 249 250 321 322 325 326 328 329 331 332 481 482
244 266 5906709.3084 244 247 248 249 250 251 252 253 266
184 219 488712.79689999996 184 185 186 187 193 194 195 216 219
336 62 9279459.555900002 336 337 382 496 62
248 267 1530316.834 248 249 250 251 252 253 266 267
336 384 9325277.840400001 336 337 338 377 378 384
322 492 699747.2335000001 322 325 326 328 329 331 489 490 492
242 257 6106444.271900001 242 244 247 248 249 250 251 252 253 254 256 257
53 167 6812.4797 53 54 163 164 165 166 167
399 487 94646.0539 399 411 412 415 487
141 456 3484963.3314 141 400 405 89 68 40 41 95 456
135 102 884338.7895000001 135 137 139 141 400 405 89 68 102
266 271 16231545.498699998 266 267 268 269 270 271
185 474 2221347.5157999997 185 186 187 193 194 195 196 476 474
201 355 53995.87989999999 201 351 352 353 354 355
185 478 2526610.9373999997 185 186 187 193 194 195 196 476 477 478
237 443 1520.8033 237 239 240 241 442 443
227 277 2980023.7439 227 272 274 275 277
137 426 10723253.6444 137 139 399 411 412 415 427 424 426
201 290 835371.9725 201 203 205 231 281 289 290
247 489 1370892.2331 247 248 249 250 321 322 325 326 328 329 331 489
156 475 1727229.0362000002 156 157 158 159 196 476 474 475
400 41 3427123.6957000005 400 405 89 68 40 41
251 258 2580695.1092999997 251 252 253 254 256 257 258
128 112 11127.6875 128 117 110 109 112
248 253 1529106.1849 248 249 250 251 252 253
242 252 5909089.6424 242 244 247 248 249 250 251 252
135 51 10440028.6776 135 137 139 141 400 405 89 68 102 50 51
186 222 769577.9049000001 186 187 193 217 218 222
325 489 689861.3118 325 326 328 329 331 489
54 168 33903.3559 54 163 164 165 166 167 168
382 447 43668219.507800005 382 496 497 499 501 447
184 153 53002076.0445 184 185 207 233 150 153
244 250 4377478.2194 244 247 248 249 250
336 447 52943536.97990001 336 337 382 496 497 499 501 447
251 268 1853963.7848 251 252 253 266 267 268
248 255 1529342.5455999998 248 249 250 251 252 253 254 255
404 143 50100475.71729999 404 405 89 68 40 41 95 143
247 133 21057444.3515 247 248 249 250 251 252 253 266 267 268 269 270 271 133
249 495 2419384.3113 249 250 321 322 325 326 328 495
251 495 2895585.8243 251 252 327 328 495
182 216 368241.16559999995 182 184 185 186 187 193 194 195 216
283 473 46169.06459999999 283 285 286 452 451 459 473
156 423 308280.3725 156 157 158 177 178 421 423
400 102 837766.0094000001 400 405 89 68 102
156 477 1724134.0846000002 156 157 158 159 196 476 477
411 424 7212773.568600001 411 412 415 427 424
68 456 2637847.2445 68 40 41 95 456
415 439 8553564.839599999 415 427 424 438 437 439
337 498 830088.7267 337 382 496 497 498
187 475 2221015.1369 187 193 194 195 196 476 474 475
245 327 4471925.8608 245 247 248 249 250 251 252 327
267 130 19568523.4575 267 268 269 270 271 133 130
159 221 1707289.6273999999 159 196 197 216 219 220 221
247 252 1528871.1702999999 247 248 249 250 251 252
159 475 1697220.9731 159 196 476 474 475
212 356 250268.44670000003 212 213 340 354 355 356
182 220 1993624.2624 182 184 185 186 187 193 194 195 216 219 220
283 293 56874.4136 283 285 286 287 293
185 217 1922.8847 185 186 187 193 217
159 226 2162999.2604 159 196 197 216 219 220 222 226
327 492 318812.7066 327 328 329 331 489 490 492
248 268 1854170.4339 248 249 250 251 252 253 266 267 268
139 89 10417.145 139 141 400 405 89
249 489 1370854.9064 249 250 321 322 325 326 328 329 331 489
321 329 381967.7899 321 322 325 326 328 329
411 428 7124028.3506000005 411 412 415 427 428
253 271 16231707.486799998 253 266 267 268 269 270 271
137 68 856305.5396 137 139 141 400 405 89 68
404 425 7126431.9132 404 412 415 427 424 425
405 146 3474590.4265000005 405 89 68 40 41 95 146
141 102 847136.3791 141 400 405 89 68 102
244 322 5049217.4622 244 247 248 249 250 321 322
283 459 46108.226899999994 283 285 286 452 451 459
21 25 7009630.5224 21 22 23 24 25
186 226 1225296.9682 186 187 193 217 218 222 226
21 28 7003948.3871 21 22 23 24 28
337 447 43668224.028500006 337 382 496 497 499 501 447
247 508 25402416.921 247 248 249 250 321 322 333 493 508
134 428 7174744.7519000005 134 135 137 139 399 411 412 415 427 428
249 324 711782.9572000001 249 250 321 322 323 324
248 277 1529805.4753 248 249 250 251 252 253 277
245 481 3995910.8937 245 247 248 249 250 321 322 325 326 328 329 331 332 481
141 51 10402826.2672 141 400 405 89 68 102 50 51
194 478 2480015.8377 194 195 196 476 477 478
184 221 1993594.6626999998 184 185 186 187 193 194 195 216 219 220 221
185 194 46595.0997 185 186 187 193 194
134 399 50708.88479999999 134 135 137 139 399
247 495 2419421.6380000003 247 248 249 250 321 322 325 326 328 495
202 357 580814.9921 202 213 340 354 355 356 357
245 324 3654620.5226000003 245 247 248 249 250 321 322 323 324
137 415 99754.269 137 139 399 411 412 415
135 424 7250000.677500001 135 137 139 399 411 412 415 427 424
134 143 3535623.3512000004 134 135 137 139 141 400 405 89 68 40 41 95 143
137 429 7133289.490700001 137 139 399 411 412 415 427 428 429
137 437 8653299.9451 137 139 399 411 412 415 427 424 438 437
137 439 8653319.1086 137 139 399 411 412 415 427 424 438 437 439
135 143 3522134.0588 135 137 139 141 400 405 89 68 40 41 95 143
249 255 1529327.1853999998 249 250 251 252 253 254 255
251 491 1847601.6773 251 252 327 328 329 331 489 490 491
141 81 3436510.7989000003 141 400 405 89 68 40 81
251 295 17760975.914899997 251 252 253 266 267 268 269 270 271 295
245 299 4890354.168400001 245 247 248 249 250 251 252 253 266 267 299
318 493 2985228.8679000004 318 319 320 333 493
315 446 300910.483 315 499 501 447 446
154 474 1726694.4475 154 156 157 158 159 196 476 474
322 481 381312.3617 322 325 326 328 329 331 332 481
201 354 53987.32029999999 201 351 352 353 354
22 29 7003320.535700001 22 23 24 28 29
340 357 175604.74759999997 340 354 355 356 357
134 425 7263624.681700001 134 135 137 139 399 411 412 415 427 424 425
158 478 2001937.4902000001 158 159 196 476 477 478
247 321 670941.4498000001 247 248 249 250 321
184 478 2802079.2915999996 184 185 186 187 193 194 195 196 476 477 478
186 219 213185.39630000002 186 187 193 194 195 216 219
185 218 2990.6905 185 186 187 193 217 218
400 146 3475601.7757000006 400 405 89 68 40 41 95 146
242 489 5751110.705200001 242 244 247 248 249 250 321 322 325 326 328 329 331 489
141 143 3484931.6484000003 141 400 405 89 68 40 41 95 143
251 331 1529082.8817 251 252 327 328 329 331
134 51 10453517.97 134 135 137 139 141 400 405 89 68 102 50 51
135 405 47584.129299999986 135 137 139 141 400 405
252 268 325321.2301 252 253 266 267 268
134 68 897807.7897000001 134 135 137 139 141 400 405 89 68
399 427 7121326.9586000005 399 411 412 415 427
154 177 30051.7922 154 156 157 158 177
134 146 3535663.8482000004 134 135 137 139 141 400 405 89 68 40 41 95 146
247 322 671798.2933 247 248 249 250 321 322
89 143 3474538.4275 89 68 40 41 95 143
245 328 3995657.5269 245 247 248 249 250 321 322 325 326 328
252 295 16232333.360199999 252 253 266 267 268 269 270 271 295
156 474 1726671.6556000002 156 157 158 159 196 476 474
187 476 2217439.4256 187 193 194 195 196 476
242 270 20987845.5234 242 244 247 248 249 250 251 252 253 266 267 268 269 270
350 356 231785.76 350 351 352 353 354 355 356
399 438 8644077.7474 399 411 412 415 427 424 438
245 250 2942859.2892 245 247 248 249 250
400 456 3475592.9617000003 400 405 89 68 40 41 95 456
216 226 2081106.6845 216 219 220 222 226
134 438 8694786.6322 134 135 137 139 399 411 412 415 427 424 438
317 493 2987880.4525 317 318 319 320 333 493
248 482 1053098.1372 248 249 250 321 322 325 326 328 329 331 332 481 482
156 222 1737288.2602 156 157 158 159 196 197 216 219 220 222
245 130 24041662.4967 245 247 248 249 250 251 252 253 266 267 268 269 270 271 133 130
244 271 22138254.807099998 244 247 248 249 250 251 252 253 266 267 268 269 270 271
134 81 3487202.5017000004 134 135 137 139 141 400 405 89 68 40 81
399 437 8644093.3104 399 411 412 415 427 424 438 437
404 40 50052035.55679999 404 405 89 68 40
194 226 2127240.8418 194 195 216 219 220 222 226
134 405 61073.42169999999 134 135 137 139 141 400 405
137 410 10509728.097000001 137 139 141 400 405 89 68 40 41 95 146 410
250 254 1529074.6561999999 250 251 252 253 254
193 476 2217419.7712 193 194 195 196 476
251 488 1529287.8481 251 252 327 328 329 331 332 481 482 488
329 488 214.4221 329 331 332 481 482 488
249 301 1528855.1669 249 250 251 252 301
195 226 2081109.2651 195 216 219 220 222 226
245 295 20704004.769199997 245 247 248 249 250 251 252 253 266 267 268 269 270 271 295
249 326 1032229.0451 249 250 321 322 325 326
137 81 3445700.2516000005 137 139 141 400 405 89 68 40 81
244 492 5748964.695700001 244 247 248 249 250 321 322 325 326 328 329 331 489 490 492
351 356 153276.5455 351 352 353 354 355 356
249 488 1053086.3351 249 250 321 322 325 326 328 329 331 332 481 482 488
315 493 2987885.9719000002 315 317 318 319 320 333 493
184 194 322063.45389999996 184 185 186 187 193 194
128 45 53056258.4184 128 117 129 127 44 45
186 220 1718053.3073999998 186 187 193 194 195 216 219 220
337 61 125156.0229 337 382 496 62 61
203 264 51063479.6778 203 205 206 207 233 264
244 267 5907757.969400001 244 247 248 249 250 251 252 253 266 267
363 145 29559.328 363 365 366 144 145
83 94 6178417.0021 83 91 90 93 94
247 268 1854192.4004 247 248 249 250 251 252 253 266 267 268
141 68 847116.0869 141 400 405 89 68
249 327 1529088.2954 249 250 251 252 327
315 508 3563092.399 315 317 318 319 320 333 493 508
247 330 1273749.5412 247 248 249 250 321 322 325 326 328 329 330
247 269 1854217.4192 247 248 249 250 251 252 253 266 267 268 269
135 89 47595.63129999999 135 137 139 141 400 405 89
283 441 2379415.1358000003 283 285 286 452 440 441
139 428 7124076.9732 139 399 411 412 415 427 428
336 49 9279855.482100002 336 337 382 496 62 49
297 462 4062455.4219000004 297 454 453 455 460 463 462
244 489 5748311.402000001 244 247 248 249 250 321 322 325 326 328 329 331 489
252 294 13664466.0393 252 253 266 267 268 269 294
134 141 50691.70279999999 134 135 137 139 141
325 331 371887.7741 325 326 328 329 331
411 438 8644070.2309 411 412 415 427 424 438
185 190 6839.1046 185 186 187 188 189 190
245 326 3975066.6105 245 247 248 249 250 321 322 325 326
244 133 25434863.5204 244 247 248 249 250 251 252 253 266 267 268 269 270 271 133
184 220 1993580.7079999999 184 185 186 187 193 194 195 216 219 220
322 332 381294.57910000003 322 325 326 328 329 331 332
244 269 6231636.5881 244 247 248 249 250 251 252 253 266 267 268 269
315 511 1774769.7754 315 317 318 502 511
201 151 53531191.698 201 203 205 206 207 233 150 151
244 301 5906311.662500001 244 247 248 249 250 251 252 301
242 323 5091988.873 242 244 247 248 249 250 321 322 323
184 216 368197.6111999999 184 185 186 187 193 194 195 216
134 95 3535602.8611000003 134 135 137 139 141 400 405 89 68 40 41 95
405 81 3426129.0800000005 405 89 68 40 81
203 233 51059533.8274 203 205 206 207 233
329 491 318528.25129999995 329 331 489 490 491
405 456 3474581.6125000003 405 89 68 40 41 95 456
89 456 3474570.1105 89 68 40 41 95 456
159 222 1707280.1971 159 196 197 216 219 220 222
244 326 5409685.5407 244 247 248 249 250 321 322 325 326
182 196 800209.3004 182 184 185 186 187 193 194 195 196
317 508 3563086.8796 317 318 319 320 333 493 508
251 131 21135505.2847 251 252 253 266 267 268 269 270 271 133 130 131
328 491 318580.20279999997 328 329 331 489 490 491
352 356 153234.8545 352 353 354 355 356
198 11 582574.6917 198 199 200 10 11
249 493 24827173.167200003 249 250 321 322 333 493
158 221 1707300.1034999997 158 159 196 197 216 219 220 221
325 332 372061.9511 325 326 328 329 331 332
194 221 1671531.2088 194 195 216 219 220 221
250 328 1052798.2377 250 321 322 325 326 328
242 133 25437662.8236 242 244 247 248 249 250 251 252 253 266 267 268 269 270 271 133
251 299 1947325.3141 251 252 253 266 267 299
135 427 7158546.551000001 135 137 139 399 411 412 415 427
405 51 10392444.5483 405 89 68 102 50 51
242 255 5909582.984200001 242 244 247 248 249 250 251 252 253 254 255
137 41 3445683.5181000005 137 139 141 400 405 89 68 40 41
365 39 240663.5013 365 366 144 38 39
251 490 1847599.0943 251 252 327 328 329 331 489 490
248 493 24827188.527400002 248 249 250 321 322 333 493
201 207 795883.5906 201 203 205 206 207
285 441 2379399.5412000003 285 286 452 440 441
454 463 1685337.6062999999 454 453 455 460 463
212 357 250587.37990000003 212 213 340 354 355 356 357
253 130 19569734.106599998 253 266 267 268 269 270 271 133 130
269 131 19281516.481099997 269 270 271 133 130 131
182 264 51165984.688200004 182 184 185 207 233 264
249 330 1273712.2145 249 250 321 322 325 326 328 329 330
154 422 1089261.5585 154 156 157 158 177 178 421 422
321 332 382151.4226 321 322 325 326 328 329 331 332
326 491 339171.11919999996 326 328 329 331 489 490 491
248 256 1624709.1117999998 248 249 250 251 252 253 254 256
156 160 31188.1915 156 157 158 159 160
244 254 5906552.875600001 244 247 248 249 250 251 252 253 254
186 476 2218270.1387 186 187 193 194 195 196 476
201 281 835362.8029 201 203 205 231 281
252 489 318413.8647 252 327 328 329 331 489
184 477 2494278.2989999996 184 185 186 187 193 194 195 196 476 477
244 259 6103851.916100001 244 247 248 249 250 251 252 253 254 256 257 259
187 216 91839.4975 187 193 194 195 216
202 355 481210.8583 202 213 340 354 355
242 325 5061249.3933999995 242 244 247 248 249 250 321 322 325
187 222 768747.1918 187 193 217 218 222
248 258 2580901.7583999997 248 249 250 251 252 253 254 256 257 258
250 508 25402357.870500002 250 321 322 333 493 508
236 443 1539.7762 236 237 239 240 241 442 443
193 478 2525701.5234999997 193 194 195 196 476 477 478
337 446 43668229.6054 337 382 496 497 499 501 447 446
182 217 277434.7933 182 184 185 186 187 193 217
247 295 17761204.5305 247 248 249 250 251 252 253 266 267 268 269 270 271 295
182 188 276411.1141 182 184 185 186 187 188
89 95 3474517.9374 89 68 40 41 95
247 299 1947553.9297 247 248 249 250 251 252 253 266 267 299
353 357 133727.3248 353 354 355 356 357
249 131 21135696.573599998 249 250 251 252 253 266 267 268 269 270 271 133 130 131
251 256 1624502.4626999998 251 252 253 254 256
247 130 21098862.258 247 248 249 250 251 252 253 266 267 268 269 270 271 133 130
252 270 15078755.881 252 253 266 267 268 269 270
53 103 15418.9306 53 54 163 164 165 104 103
161 220 1707443.2670999998 161 197 216 219 220
154 478 2031957.8691 154 156 157 158 159 196 476 477 478
159 220 1707275.6727 159 196 197 216 219 220
154 423 308303.1644 154 156 157 158 177 178 421 423
337 383 222486.7367 337 338 377 381 383
400 50 10393365.2774 400 405 89 68 102 50
283 374 9172828.6292 283 284 365 371 374
242 254 5909352.178800001 242 244 247 248 249 250 251 252 253 254
158 226 2163009.7364999996 158 159 196 197 216 219 220 222 226
135 81 3473713.2093 135 137 139 141 400 405 89 68 40 81
249 130 21098824.9313 249 250 251 252 253 266 267 268 269 270 271 133 130
497 446 42928470.75830001 497 499 501 447 446
245 331 3995718.9340999997 245 247 248 249 250 321 322 325 326 328 329 331
405 410 10490156.9254 405 89 68 40 41 95 146 410
242 249 4380255.7988 242 244 247 248 249
247 257 1726225.7997999997 247 248 249 250 251 252 253 254 256 257
137 412 99700.6788 137 139 399 411 412
141 410 10500538.6443 141 400 405 89 68 40 41 95 146 410
248 508 25402394.9545 248 249 250 321 322 333 493 508
248 329 1052887.2732 248 249 250 321 322 325 326 328 329
134 400 60062.072499999995 134 135 137 139 141 400
250 492 1371486.4763 250 321 322 325 326 328 329 331 489 490 492
245 312 2997323.5149000003 245 247 248 249 312
141 41 3436494.0654 141 400 405 89 68 40 41
405 50 10392353.928199999 405 89 68 102 50
193 226 1224446.6007 193 217 218 222 226
157 423 278886.1103 157 158 177 178 421 423
210 356 250283.8347 210 212 213 340 354 355 356
327 491 318704.67079999996 327 328 329 331 489 490 491
182 474 2496859.4244 182 184 185 186 187 193 194 195 196 476 474
161 221 1707457.2217999997 161 197 216 219 220 221
251 259 1726204.1315999997 251 252 253 254 256 257 259
137 424 7221987.719800001 137 139 399 411 412 415 427 424
248 333 24827163.9858 248 249 250 321 322 333
253 258 1051795.5735 253 254 256 257 258
253 270 15078498.899899999 253 266 267 268 269 270
363 38 110123.6243 363 365 366 144 38
245 257 4669026.038500001 245 247 248 249 250 251 252 253 254 256 257
244 324 5089239.4528 244 247 248 249 250 321 322 323 324
158 220 1707286.1487999998 158 159 196 197 216 219 220
247 482 1053120.1037 247 248 249 250 321 322 325 326 328 329 331 332 481 482
249 254 1529096.38 249 250 251 252 253 254
242 266 5909508.6116 242 244 247 248 249 250 251 252 253 266
247 301 1528892.4936 247 248 249 250 251 252 301
242 269 6234435.8913 242 244 247 248 249 250 251 252 253 266 267 268 269
157 162 6711.9539 157 158 159 161 162
400 143 3475561.2787000006 400 405 89 68 40 41 95 143
285 459 46092.6323 285 286 452 451 459
244 481 5430529.8239 244 247 248 249 250 321 322 325 326 328 329 331 332 481
249 492 1371508.2001 249 250 321 322 325 326 328 329 331 489 490 492
404 439 8557628.5902 404 412 415 427 424 438 437 439
283 472 46216.84969999999 283 285 286 452 451 459 473 472
352 357 153553.7877 352 353 354 355 356 357
134 89 61084.92369999999 134 135 137 139 141 400 405 89
156 219 232415.8247 156 157 158 159 196 197 216 219
244 331 5430337.8643000005 244 247 248 249 250 321 322 325 326 328 329 331
283 145 35317.6612 283 284 365 366 144 145
247 258 2580923.7249 247 248 249 250 251 252 253 254 256 257 258
244 131 25513153.069199998 244 247 248 249 250 251 252 253 266 267 268 269 270 271 133 130 131
134 412 141202.9289 134 135 137 139 399 411 412
411 439 8644104.9574 411 412 415 427 424 438 437 439
184 191 276388.8818 184 185 186 187 188 189 191
404 437 8557609.4267 404 412 415 427 424 438 437
212 355 150983.24610000002 212 213 340 354 355
158 222 1707290.6731999998 158 159 196 197 216 219 220 222
154 197 30061.652599999998 154 156 157 158 159 196 197
210 349 75114.7533 210 212 213 340 349
89 51 10392433.0463 89 68 102 50 51
201 341 462943.43730000005 201 202 213 340 341
248 325 681008.9548000001 248 249 250 321 322 325
411 429 7124075.339500001 411 412 415 427 428 429
247 259 1726432.7471999996 247 248 249 250 251 252 253 254 256 257 259
197 226 2162968.4628 197 216 219 220 222 226
68 146 2637856.0585000003 68 40 41 95 146
245 488 3995923.9005 245 247 248 249 250 321 322 325 326 328 329 331 332 481 482 488
358 394 5276.4714 358 361 388 392 394
193 477 2217900.5308999997 193 194 195 196 476 477
412 429 7033588.811900001 412 415 427 428 429
321 492 700604.077 321 322 325 326 328 329 331 489 490 492
404 95 50100455.227199994 404 405 89 68 40 41 95
358 390 221705.5212 358 361 388 389 390
248 271 17760813.6717 248 249 250 251 252 253 266 267 268 269 270 271
158 219 202418.2377 158 159 196 197 216 219
242 331 5433137.1675 242 244 247 248 249 250 321 322 325 326 328 329 331
247 254 1529133.7066999997 247 248 249 250 251 252 253 254
252 332 614.504 252 327 328 329 331 332
32 101 23702507.5897 32 69 70 71 101
134 41 3487185.7682000003 134 135 137 139 141 400 405 89 68 40 41
134 431 7172108.7689000005 134 135 137 139 399 411 412 415 427 431
326 490 339168.5362 326 328 329 331 489 490
194 477 2172214.8451 194 195 196 476 477
68 410 9653422.5574 68 40 41 95 146 410
318 508 3560435.2950000004 318 319 320 333 493 508
154 196 30044.3235 154 156 157 158 159 196
139 429 7124123.9621 139 399 411 412 415 427 428 429
210 341 75001.5465 210 212 213 340 341
182 222 1045148.8599 182 184 185 186 187 193 217 218 222
223 402 440.8316 223 224 229 401 402
250 131 21135674.849799998 250 251 252 253 266 267 268 269 270 271 133 130 131
139 415 90588.74040000001 139 399 411 412 415
244 333 29204605.121200003 244 247 248 249 250 321 322 333
399 429 7124082.856000001 399 411 412 415 427 428 429
170 192 3485877.5216000006 170 173 174 179 192
234 287 594031.9772 234 278 279 280 287
137 143 3494121.1011000006 137 139 141 400 405 89 68 40 41 95 143
268 133 19203251.9511 268 269 270 271 133
266 130 19569572.118499998 266 267 268 269 270 271 133 130
321 481 382169.20519999997 321 322 325 326 328 329 331 332 481
399 426 10714047.0097 399 411 412 415 427 424 426
247 325 681030.9213 247 248 249 250 321 322 325
159 219 202407.76160000003 159 196 197 216 219
245 270 19550427.29 245 247 248 249 250 251 252 253 266 267 268 269 270
248 492 1371523.5603 248 249 250 321 322 325 326 328 329 331 489 490 492
251 270 16607398.4357 251 252 253 266 267 268 269 270
245 321 3613741.6885 245 247 248 249 250 321
283 451 45872.58869999999 283 285 286 452 451
210 357 250602.7679 210 212 213 340 354 355 356 357
242 482 5433338.5758 242 244 247 248 249 250 321 322 325 326 328 329 331 332 481 482
325 490 690403.9867 325 326 328 329 331 489 490
186 221 1718067.2620999997 186 187 193 194 195 216 219 220 221
247 492 1371545.5268 247 248 249 250 321 322 325 326 328 329 331 489 490 492
139 439 8644153.58 139 399 411 412 415 427 424 438 437 439
156 162 36106.216100000005 156 157 158 159 161 162
205 290 43297.4662 205 231 281 289 290
137 456 3494152.7841000003 137 139 141 400 405 89 68 40 41 95 456
249 133 21057407.0248 249 250 251 252 253 266 267 268 269 270 271 133
141 40 3436491.4879 141 400 405 89 68 40
247 277 1529827.4418 247 248 249 250 251 252 253 277
210 355 150998.6341 210 212 213 340 354 355
197 221 1707258.8297999997 197 216 219 220 221
182 193 276421.3225 182 184 185 186 187 193
322 331 381120.4021 322 325 326 328 329 331
317 333 2987855.9109 317 318 319 320 333
283 144 6172.4605 283 284 365 366 144
404 81 50052054.86779999 404 405 89 68 40 81
161 222 1707447.7914999998 161 197 216 219 220 222
236 243 1996.4797 236 237 239 240 241 243
336 498 10105401.678100001 336 337 382 496 497 498
201 233 51682244.4564 201 203 205 206 207 233
137 88 19598.2522 137 139 141 400 405 89 88
201 413 792433.3959 201 203 205 360 413
248 299 1947531.9632 248 249 250 251 252 253 266 267 299
15 67 12286041.6434 15 36 37 52 67
135 411 37227.10889999999 135 137 139 399 411
250 495 2419362.5875 250 321 322 325 326 328 495
248 323 711748.4344 248 249 250 321 322 323
157 219 203021.5625 157 158 159 196 197 216 219
134 456 3535655.0342 134 135 137 139 141 400 405 89 68 40 41 95 456
248 326 1032244.4053 248 249 250 321 322 325 326
242 299 6327772.401800001 242 244 247 248 249 250 251 252 253 266 267 299
137 482 7409482.5325 137 139 399 411 482
242 259 6106651.219300001 242 244 247 248 249 250 251 252 253 254 256 257 259
185 477 2218809.9447999997 185 186 187 193 194 195 196 476 477
404 410 57116082.71319999 404 405 89 68 40 41 95 146 410
193 220 1717202.9398999999 193 194 195 216 219 220
251 130 21098633.6424 251 252 253 266 267 268 269 270 271 133 130
266 295 16231914.390999999 266 267 268 269 270 271 295
245 258 5523723.9636 245 247 248 249 250 251 252 253 254 256 257 258
135 410 10537741.0547 135 137 139 141 400 405 89 68 40 41 95 146 410
307 312 11543.0359 307 309 310 311 312
203 434 177999.8373 203 205 360 413 434
194 220 1671517.2541 194 195 216 219 220
245 259 4669232.985900001 245 247 248 249 250 251 252 253 254 256 257 259
297 463 1841791.5018 297 454 453 455 460 463
247 251 228.6156 247 248 249 250 251
268 295 15907012.130099999 268 269 270 271 295
248 488 1053101.6953 248 249 250 321 322 325 326 328 329 331 332 481 482 488
404 429 7037598.9723000005 404 412 415 427 428 429
249 253 1529090.8247 249 250 251 252 253
54 167 6762.6032000000005 54 163 164 165 166 167
250 489 1370833.1826 250 321 322 325 326 328 329 331 489
411 425 7212908.2804000005 411 412 415 427 424 425
242 329 5433127.711800001 242 244 247 248 249 250 321 322 325 326 328 329
134 102 897828.0819000001 134 135 137 139 141 400 405 89 68 102
244 328 5430276.4571 244 247 248 249 250 321 322 325 326 328
19 29 35022607.4863 19 21 22 23 24 28 29
184 189 276386.29469999997 184 185 186 187 188 189
248 490 1371412.9415 248 249 250 321 322 325 326 328 329 331 489 490
249 294 15193299.8829 249 250 251 252 253 266 267 268 269 294
237 442 1307.4648 237 239 240 241 442
157 421 278883.5158 157 158 177 178 421
185 226 1225356.0146 185 186 187 193 217 218 222 226
156 476 1723653.3249000001 156 157 158 159 196 476
326 482 20853.731899999995 326 328 329 331 332 481 482
399 424 7212781.085100001 399 411 412 415 427 424
46 445 4600321.158000001 46 47 448 444 445
245 301 4471692.7323 245 247 248 249 250 251 252 301
251 267 1530110.1849 251 252 253 266 267
134 410 10551230.3471 134 135 137 139 141 400 405 89 68 40 41 95 146 410
154 178 267717.8736 154 156 157 158 177 178
205 264 50894115.8005 205 206 207 233 264
135 438 8681297.3398 135 137 139 399 411 412 415 427 424 438
252 331 440.327 252 327 328 329 331
268 130 19244669.8576 268 269 270 271 133 130
244 327 5906544.791 244 247 248 249 250 251 252 327
249 257 1726188.4730999998 249 250 251 252 253 254 256 257
242 256 6004949.550400001 242 244 247 248 249 250 251 252 253 254 256
404 424 7126297.201400001 404 412 415 427 424
137 51 10412015.7199 137 139 141 400 405 89 68 102 50 51
247 333 24827185.9523 247 248 249 250 321 322 333
184 196 800165.7459999999 184 185 186 187 193 194 195 196
