1 2 2 4 57.93
1 47 7 5 753.3059
2 31 2 8 25768.9727
2 35 7 3 41.5114
2 406 2 10 1095317.9359
3 4 4 5 520.316
3 5 4 4 95.3589
3 26 10 10 14876472.697
5 57 10 5 1267.1491
15 16 6 2 14.22
15 36 5 3 32.669
16 25 6 2 13.752
17 18 2 8 8420.521
17 36 10 10 12831168.5577
18 33 3 7 6675.559
19 20 5 3 32.826
19 21 4 6 4517.3886
20 142 3 10 3815226.226
20 148 5 3 33.3862
21 22 8 1 9.4991
22 23 3 8 116734.5615
23 24 3 9 797139.1985
24 25 10 4 214.8998
24 28 8 9 1830053.3097
26 27 1 10 1968010.641
27 29 2 4 38.431
27 30 1 7 2657.0383
28 29 1 10 1157660.5178
31 33 10 1 11.7809
32 33 10 8 99850.95
32 34 4 6 3880.286
32 69 2 6 1406.4168
34 35 8 1 9.705
34 73 9 4 218.2815
36 37 9 9 1651593.0698
36 75 6 2 13.8155
37 52 2 9 372806.4192
37 43 5 4 124.8389
46 47 9 6 2399.895
47 448 7 2 16.0351
52 67 9 8 235438.5391
53 54 9 6 2623.016
53 59 5 8 76622.3455
53 418 10 6 7387.0352
54 163 7 5 1200.074
55 56 4 3 23.108
55 59 5 8 100219.682
56 57 8 5 1254.35
56 66 6 8 350603.705
58 59 4 4 81.715
58 60 4 10 15261749.8485
58 199 10 5 991.545
58 458 4 1 5.5562
60 63 6 3 37.3912
63 225 2 3 13.2445
64 65 4 9 10730548.684
64 66 2 7 12646.6524
65 67 8 10 13715642.925
69 70 4 6 2627.4076
70 71 6 6 1179.688
71 101 2 6 1351.777
72 73 1 3 7.159
72 101 8 5 758.0568
73 76 2 1 3.362
73 77 1 5 150.8261
96 97 5 7 19021.724
96 111 4 10 11580981.843
97 101 1 9 340550.1834
98 99 6 7 6977.166
98 100 1 2 3.5962
99 138 4 5 345.379
100 116 7 2 14.881
105 106 4 3 27.516
105 111 1 7 3101.7168
106 107 1 9 471565.895
107 108 3 5 246.352
111 114 9 8 262155.0962
113 114 5 8 35963.833
113 116 6 2 13.3893
115 116 7 8 65516.722
115 409 2 7 8095.6929
118 119 7 1 8.458
119 138 10 3 64.36
120 121 1 4 23.406
120 122 3 6 2712.4574
120 304 10 9 2177299.7212
121 296 6 10 11006615.368
122 123 8 1 9.144
122 124 10 5 1313.482
124 125 3 7 4046.01
134 135 8 5 838.398
134 332 7 5 865.8584
135 136 2 4 53.544
135 137 6 3 32.593
137 139 4 3 26.754
139 140 10 10 5726916.13
139 141 5 5 595.8698
139 399 1 7 3498.187
141 400 2 2 5.6116
154 155 9 4 146.0
154 156 10 3 63.0555
154 172 10 1 11.616
155 168 1 8 23997.606
156 157 10 1 11.538
156 171 10 2 21.5485
157 158 6 2 13.7173
158 159 9 6 4284.8741
158 177 5 6 1837.237
159 160 6 5 508.933
159 161 10 5 1484.9029
159 196 5 8 114191.8277
161 162 10 8 1288415.722
161 197 8 5 961.3648
163 164 2 7 28424.18
164 165 1 8 16442.2888
165 166 1 4 25.5881
165 104 8 1 9.5782
166 167 1 5 147.962
167 168 9 4 285.943
169 170 2 5 502.127
169 171 8 1 9.459
169 174 6 6 4544.1183
170 172 1 6 826.056
170 173 2 7 11457.6572
170 419 6 3 36.372
171 178 6 1 7.4726
173 174 10 10 21261935.9221
174 179 3 10 23669868.8852
175 176 10 5 2169.299
176 214 8 4 298.108
177 178 5 1 6.625
177 191 1 4 27.9719
178 421 3 5 279.7391
179 192 1 9 128982.4707
180 181 7 9 791554.521
180 208 8 8 425880.5199
181 192 9 7 25971.544
182 183 9 6 23336.989
182 184 2 1 3.5205
184 185 4 8 99026.0605
184 208 8 2 18.905
185 186 1 10 1389874.2992
185 207 10 9 3244900.573
186 187 9 8 1112591.05
186 230 3 1 4.5067
187 188 9 7 27917.623
187 193 9 3 50.382
188 189 3 8 35006.125
188 191 8 2 18.422
189 190 8 8 58720.384
189 191 4 5 349.8878
193 194 5 5 943.633
193 217 3 6 1334.9543
194 195 5 3 29.992
194 217 2 4 45.7965
195 196 7 5 644.186
195 216 7 3 39.9533
196 197 5 8 97178.118
196 476 2 1 3.5283
197 216 2 10 7419438.9246
198 199 8 4 128.643
198 221 4 1 5.5887
199 200 6 9 1069838.855
200 10 10 6 7783.4642
201 202 6 9 499449.662
201 203 1 6 1048.91
201 351 1 4 18.872
202 213 10 2 22.581
203 204 8 3 48.4027
203 205 10 1 11.4932
205 206 5 2 11.4136
205 231 3 5 304.6365
205 360 10 10 3091324.242
206 207 10 2 22.0363
206 232 3 3 20.1862
207 233 8 6 5495.3485
208 209 2 1 3.408
210 211 4 4 87.34
210 212 2 5 276.622
211 215 4 10 6315405.3663
212 213 10 5 943.398
212 342 7 8 277240.96
213 340 9 8 125795.232
214 215 2 2 5.921
216 219 5 3 32.7355
217 218 10 4 240.5821
218 222 7 7 41503.7659
219 220 5 1 6.6116
220 221 6 9 252448.444
220 222 3 1 4.5201
222 226 7 10 15805540.1408
223 224 4 9 5981206.504
223 225 5 4 93.548
223 7 10 7 43580.13
224 229 1 7 4635.443
227 228 10 8 265592.282
227 229 4 2 9.8679
227 272 3 2 7.5894
228 230 6 2 12.429
229 401 5 5 536.1959
231 281 7 10 96695229.8739
232 265 8 1 9.5501
233 264 8 1 9.5698
233 150 5 7 18065.2802
234 235 2 1 3.451
234 278 4 4 95.8657
236 237 7 5 849.774
236 280 9 2 19.4148
237 238 2 4 63.976
237 239 6 5 763.5754
239 240 5 5 570.4077
240 241 10 10 25377814.8641
241 243 10 3 64.7153
241 442 6 8 238854.3495
242 243 2 6 710.658
242 244 8 8 142210.4449
242 314 9 3 54.0145
242 80 8 8 134150.125
243 293 5 2 11.5006
244 247 4 7 15037.7265
245 246 7 5 959.412
245 247 10 10 20816359.7768
247 248 3 7 30125.0048
248 249 8 3 48.0953
249 250 7 5 1213.34
249 312 5 8 148569.618
250 251 2 1 3.5431
250 321 7 3 42.8225
251 252 10 3 63.3371
252 253 9 10 11610206.054
252 327 10 8 464196.3687
252 301 9 8 332191.744
253 254 5 3 31.8006
253 277 10 8 226151.592
253 266 10 4 320.397
254 255 9 5 1092.2578
254 256 8 9 1353154.9439
256 257 4 6 6073.1137
257 258 2 3 13.7025
257 259 8 10 15847237.26
260 261 3 6 2812.785
260 262 1 8 42042.9856
260 263 8 6 1488.015
263 264 1 4 26.66
263 479 9 3 54.0449
266 267 5 5 342.067
267 268 2 5 163.83
267 299 10 8 184531.5259
268 269 10 1 11.495
269 270 9 8 65233.118
269 294 6 1 7.204
270 271 10 9 675071.211
271 295 3 6 5949.598
271 133 8 2 17.5432
272 273 2 6 1495.9972
272 274 7 8 132320.2877
274 275 5 8 150525.224
275 276 7 3 37.697
275 277 10 3 63.6145
275 291 7 9 5621618.6257
278 279 5 6 3868.5516
278 282 3 1 4.508
279 280 1 9 161959.7895
280 287 9 10 17972122.2769
281 289 7 5 802.9702
282 288 4 7 23990.9488
283 284 10 8 1683047.333
283 285 5 5 844.3691
283 305 5 2 11.4504
284 290 9 1 10.398
284 365 3 8 157154.467
285 286 5 3 28.4246
285 306 5 10 4537051.2605
286 287 6 8 137755.7345
286 306 5 6 3829.4256
286 452 5 5 512.489
287 293 1 6 258.906
288 289 4 2 9.259
289 290 6 7 35208.1153
291 292 4 9 100217.845
297 298 6 10 48340284.225
297 454 5 3 32.5471
298 299 5 1 6.466
300 301 5 2 11.112
300 302 1 6 700.2065
302 303 6 5 1408.184
302 304 2 7 16359.599
302 330 2 1 3.5268
305 306 4 1 5.698
305 308 6 1 7.6372
306 308 5 5 571.4771
307 308 2 10 6949986.603
307 309 2 2 5.6127
309 310 5 9 1988961.298
309 338 3 1 4.5428
309 379 5 9 530691.56
310 311 4 8 159727.3091
310 85 9 9 1820944.3497
311 312 5 2 11.3185
313 314 9 3 55.599
315 316 2 4 46.247
315 317 3 1 4.5214
315 499 2 10 223245.838
316 334 6 7 17609.903
316 398 10 5 1205.7428
317 318 5 9 5897053.919
317 503 1 5 128.1615
318 319 8 3 45.081
318 502 2 4 49.2605
318 510 6 8 353431.2617
319 320 10 9 591249.733
320 333 5 7 13231.636
321 322 3 9 411697.4453
322 323 3 7 14067.232
322 325 9 4 138.734
322 333 4 4 99.6395
323 324 5 6 15900.784
325 326 7 7 37054.476
326 328 7 6 3598.256
327 328 8 5 881.4493
328 329 3 9 1189983.511
328 495 4 8 157334.4151
329 330 1 2 3.491
329 331 10 9 591555.501
331 332 6 10 50796934.0638
331 489 1 6 737.7896
332 481 3 5 442.3533
333 493 4 10 16769245.5875
334 335 1 7 2524.325
336 337 2 2 5.619
336 500 2 8 102190.9163
337 338 8 6 3816.895
337 382 3 2 7.5273
338 339 10 3 64.118
338 377 8 6 3819.407
340 341 1 10 4022071.381
340 349 2 6 3062.853
340 354 6 7 25919.6484
341 343 5 7 10791.324
342 343 8 10 10671166.6503
344 345 3 2 7.973
344 346 3 10 3623954.8929
344 385 7 1 8.764
346 347 2 9 453723.7162
347 348 2 4 49.5575
347 387 4 7 19248.3041
348 349 9 2 20.1277
348 386 7 8 239461.5535
350 351 9 5 780.489
350 359 9 5 995.053
350 13 3 1 4.5253
351 352 3 5 298.418
352 353 10 4 413.931
352 356 1 9 223783.645
353 354 6 10 33412979.751
354 355 3 5 262.917
355 356 3 5 342.634
356 357 1 10 810160.41
358 359 1 3 8.651
358 361 6 7 10293.82
358 362 3 7 14736.0639
358 360 4 10 4677496.5431
358 92 4 4 99.2448
360 413 7 8 335204.966
361 388 3 5 294.163
362 367 4 7 22290.0505
363 364 6 2 13.249
363 365 5 3 31.0468
363 370 1 9 172739.6619
364 395 2 4 38.974
365 366 9 4 215.149
365 371 4 8 379767.72
366 144 1 1 2.5934
367 368 10 4 251.0754
367 369 7 9 7740560.714
370 380 7 1 8.5435
371 372 10 3 56.575
371 373 10 9 2264471.7359
371 374 4 10 360792.883
375 376 9 8 190385.257
375 383 10 6 6186.7968
376 384 4 2 9.863
377 378 3 1 4.587
377 381 2 6 1997.6491
378 384 1 7 3430.661
381 383 9 1 10.5783
382 496 5 9 3207155.4742
383 384 7 7 44355.014
388 389 5 3 36.915
388 392 7 5 742.2666
389 390 3 3 19.855
390 391 3 9 330651.345
392 393 9 5 726.149
392 394 5 3 32.0325
395 396 10 9 2749662.977
399 411 6 1 7.4789
400 405 3 6 1871.6904
404 405 2 2 5.818
404 412 7 7 27100.8918
405 89 4 9 861904.1303
408 409 1 6 387.915
411 412 1 7 4394.8805
411 415 6 9 817624.5174
411 482 8 4 188.972
412 415 5 1 6.5266
415 427 6 5 703.6092
415 487 8 4 193.9275
427 428 6 5 1931.289
427 431 2 4 52.5188
427 487 5 10 11684283.8423
427 424 1 3 7.9505
428 429 3 6 1736.872
428 432 4 7 35053.6727
481 482 8 4 213.5943
482 488 5 7 119392.6021
483 484 9 5 567.683
483 485 10 7 17920.775
484 492 3 3 18.957
485 486 9 1 10.069
486 487 4 6 2298.406
489 490 1 5 110.0888
490 491 7 7 36520.3011
490 492 8 5 917.464
493 508 7 3 44.978
494 495 3 5 333.166
494 507 5 8 251525.0431
496 497 4 7 13441.6167
496 62 2 3 14.4435
497 498 8 5 873.542
497 499 6 8 250137.3396
499 501 6 10 74087868.9608
501 447 5 8 72743.263
502 511 3 8 376330.0856
503 450 6 9 1116908.8854
504 505 1 3 6.77
504 506 1 2 3.6314
505 508 4 3 21.178
505 509 1 8 82666.1493
506 507 1 6 1389.089
509 510 6 6 2301.154
509 511 1 4 26.8534
7 8 5 1 6.5414
7 6 9 4 209.1614
10 9 5 2 11.4174
10 11 7 10 5885549.455
13 12 6 10 23069429.6955
12 14 6 1 7.57
144 38 6 3 37.2839
144 145 1 6 435.305
38 39 10 1 10.737
89 68 2 3 13.526
89 88 10 5 1186.5033
68 40 6 3 38.7999
68 102 2 4 42.11
40 41 7 1 8.555
40 81 2 5 160.841
102 50 9 1 10.45
50 51 10 6 2882.593
41 95 2 8 51778.268
81 146 5 10 11242546.842
95 456 3 3 14.855
95 143 3 7 3892.223
95 146 1 6 567.3649
146 410 7 8 118352.254
43 42 4 7 18182.9612
133 130 5 8 169651.8242
128 117 5 2 11.3164
128 132 5 2 12.547
117 129 4 9 1293439.9722
117 110 1 9 131617.7812
132 130 8 6 3736.554
129 127 4 5 589.207
127 44 7 6 5038.144
130 131 9 10 4614177.683
44 45 6 2 13.173
110 109 9 10 23505536.7266
110 126 4 1 5.421
109 112 5 7 6019.256
62 49 5 9 93421.531
62 61 6 4 144.9801
48 49 8 5 1056.979
75 74 7 9 1266903.0283
77 78 2 2 5.569
80 79 1 8 55010.7853
92 90 6 4 116.085
82 83 9 3 56.624
83 91 6 2 13.013
91 90 2 7 9198.5284
90 93 1 9 201078.9974
93 94 6 1 7.4302
85 84 9 3 55.1069
84 86 4 5 370.859
84 87 9 3 53.6236
86 87 1 10 380742.659
104 103 1 3 7.6461
148 147 3 6 2352.7419
147 149 1 1 2.578
150 153 6 2 13.6192
150 151 2 3 15.685
152 153 9 1 11.018
398 397 6 8 375245.9506
401 402 4 5 828.119
401 403 4 5 430.6426
406 407 9 8 39216.414
416 407 8 9 1243098.3147
413 434 1 2 3.7171
413 414 8 7 13753.404
433 434 8 10 1226834.537
418 417 1 10 1166775.9967
419 420 7 3 41.174
419 430 1 7 4496.9676
421 422 9 7 7338.01
421 423 5 2 10.842
424 425 8 10 7832557.313
424 426 1 4 23.218
424 438 7 10 19478923.9551
438 437 3 1 4.527
437 439 10 3 64.365
454 453 1 8 49562.5227
454 435 3 4 70.883
453 455 10 1 11.6225
455 460 3 6 1996.5425
435 436 10 3 66.172
460 463 9 10 91183319.4438
463 462 5 10 21185888.6396
461 462 4 10 4687192.52
461 464 4 5 318.054
464 466 9 1 10.149
466 467 6 10 5816065.976
452 451 6 1 7.4873
452 440 10 1 11.6
451 459 9 5 1363.8957
459 473 3 4 75.765
440 441 6 1 7.589
473 472 7 6 4336.5893
442 443 6 5 685.707
448 444 8 10 8330238.89
444 445 3 5 296.499
465 445 5 2 10.48
465 468 2 8 107690.433
468 469 3 5 211.635
469 470 2 2 5.432
470 471 3 6 2150.348
447 446 2 8 56607.2898
450 449 5 8 235546.5389
458 457 10 2 20.9816
476 474 10 9 3073160.668
476 477 10 6 10358.188
474 475 6 9 461989.447
477 478 5 8 33622.296
479 480 3 3 18.769
284 177 1 1 2.5808
391 291 6 9 2488521.2382
397 161 4 1 5.4768
376 187 7 10 39703363.5642
322 42 8 3 50.2768
399 318 7 1 8.5779
463 89 3 1 4.5462
343 194 10 9 10170563.907
437 265 9 6 4363.7813
239 53 7 8 216591.3425
411 475 2 7 18750.0695
21 372 3 4 73.0806
508 449 6 8 199465.5495
24 51 6 7 49981.569
54 280 6 10 14481480.7453
261 73 7 5 892.2297
2 307 9 1 10.4376
476 36 1 7 4572.8791
374 231 7 7 26875.6619
483 72 2 5 231.1415
188 248 3 3 19.4952
326 346 6 6 3418.0228
458 449 5 3 30.3847
435 58 10 10 26740276.9452
225 130 6 3 36.8883
484 174 5 5 801.2764
322 33 9 9 3214682.3033
369 191 1 9 243909.6198
330 20 2 10 1817518.4762
324 21 3 10 76777729.4658
18 385 3 3 19.2355
252 297 5 9 2057362.1896
7 178 7 2 15.0951
30 43 8 2 17.9152
397 191 9 4 209.2913
450 80 5 2 11.2144
458 335 3 1 4.5248
171 48 2 9 328332.5747
485 267 10 3 57.9426
104 136 6 8 149113.3716
47 507 3 9 998105.4301
302 429 4 6 2714.2209
424 132 4 6 2522.4846
55 69 4 5 466.9752
81 28 7 5 704.8954
346 114 9 5 1277.0728
84 284 4 8 82737.4106
57 44 8 3 50.4362
112 358 2 1 3.5562
103 252 6 5 598.5224
202 401 9 9 4312053.663
106 343 8 8 143078.8801
297 285 5 9 868339.0003
47 27 1 3 8.224
391 38 7 5 864.1144
292 297 3 2 7.8107
292 334 7 1 8.4926
149 56 4 6 2374.1169
56 464 9 2 19.6961
252 487 2 5 191.0761
491 427 4 3 25.1097
112 439 6 9 2896364.9829
62 365 5 1 6.52
315 75 1 8 36827.1491
445 373 10 2 21.6909
373 228 2 7 7217.2964
459 103 7 1 8.6801
5 34 3 1 4.5447
357 412 2 9 403539.8259
195 208 6 8 164363.0865
362 282 2 8 55357.0673
282 132 5 3 31.4021
292 358 3 1 4.5376
130 16 5 3 31.4327
354 48 5 8 266712.3971
329 398 9 9 2522654.5972
107 143 3 2 7.4381
302 8 10 8 396613.0586
437 468 7 8 735254.4029
391 24 4 5 632.3334
70 453 9 2 19.2243
428 250 5 7 50620.9763
427 93 7 9 840534.5622
235 500 2 10 13219626.8052
476 259 7 7 31679.722
140 144 1 1 2.5907
373 167 5 2 11.6657
413 463 9 10 21267825.3461
100 419 5 3 30.0556
67 49 1 9 123561.8642
148 127 6 2 14.0075
227 117 10 5 904.0342
147 283 6 1 7.5347
464 193 1 4 23.2225
281 305 2 3 13.4304
168 300 4 5 395.8436
456 265 7 4 197.6069
74 34 10 8 326906.47
228 497 9 3 52.1821
84 178 6 4 164.6826
47 339 1 3 7.9546
137 364 5 4 115.017
419 487 10 2 21.9829
497 260 1 2 3.661
432 171 2 9 479218.8741
104 329 8 6 7214.7568
16 90 1 1 2.5786
14 244 6 3 35.4661
56 483 7 7 25410.2049
175 2 4 9 1183398.1524
151 442 9 3 53.2948
372 443 8 6 5040.5193
460 285 2 1 3.5471
372 171 2 10 12225576.9139
267 357 2 5 239.6559
336 274 2 3 13.4138
235 63 1 10 8951407.4487
279 71 2 7 12380.265
251 475 9 3 56.8064
440 88 5 9 10319087.6189
169 453 5 3 33.0287
172 264 1 8 56229.7232
51 471 7 6 3801.0397
503 172 5 3 33.7156
175 199 8 2 17.6006
230 291 3 8 71353.1875
16 205 9 6 4683.2549
339 82 7 5 656.6349
449 137 9 1 10.3968
119 372 8 2 17.2487
499 126 7 10 53574005.6197
485 290 9 5 845.9367
181 127 3 1 4.5182
505 298 9 7 43379.4577
290 489 10 5 946.253
34 249 2 7 6100.7545
179 277 8 1 9.7597
440 73 5 6 5354.3018
343 395 1 6 549.5878
87 478 1 5 151.6298
316 6 9 9 1995029.9618
307 144 3 8 130047.5459
308 435 1 2 3.6968
233 510 2 9 549061.6612
126 354 6 5 1096.6158
272 162 4 8 109325.2329
135 122 2 3 13.9297
365 389 1 9 883817.144
235 479 6 2 13.1433
125 110 10 8 182018.4033
289 302 6 10 15220782.9311
13 387 3 9 2633929.8871
345 228 7 2 15.6635
10 105 3 4 64.3008
311 286 8 1 9.6956
126 229 3 1 4.4791
286 221 7 8 405969.3487
171 11 9 7 53434.279
172 342 2 1 3.5393
245 407 9 7 31299.3766
63 188 2 7 8991.436
253 232 5 9 589927.4487
435 104 1 4 25.1976
87 138 3 5 402.4737
30 432 1 5 126.0238
476 53 10 5 1348.2829
107 103 8 3 47.529
409 12 8 1 9.5156
344 183 5 6 3446.1793
440 85 8 3 53.2319
210 133 1 3 7.789
45 192 3 4 84.0952
352 234 7 8 258998.3685
354 440 4 2 9.68
28 170 8 10 7765610.0502
281 2 6 10 11068850.2265
361 251 8 9 2054064.2838
35 364 6 8 141552.9224
433 81 3 10 5982313.4715
281 159 8 1 9.5483
495 148 9 1 10.4552
316 239 2 5 211.5702
143 130 3 9 731644.0851
26 136 2 10 7527481.8653
424 419 8 1 9.5915
395 202 10 2 22.0587
136 352 5 6 3011.2124
380 360 6 1 7.4938
146 72 9 1 10.4388
424 450 5 5 688.6971
147 425 8 2 17.6908
451 285 7 10 16827141.1919
195 101 4 7 16635.5589
457 177 2 5 216.9262
81 208 10 7 79925.008
182 200 5 2 11.4092
436 509 5 9 1588637.4835
29 18 5 4 124.1206
149 453 1 2 3.7123
330 473 7 8 271253.7575
73 53 8 5 852.433
340 196 1 4 25.2676
256 444 10 2 22.141
270 428 9 8 842706.4949
407 87 2 2 5.482
346 295 4 3 26.0536
78 410 1 6 793.4717
87 205 4 3 25.3903
331 59 1 5 115.9712
45 83 6 2 13.3923
411 217 6 6 4158.409
262 497 2 2 5.5134
267 226 4 4 95.8095
456 426 6 8 187464.5371
321 505 9 4 192.8616
479 424 9 6 4987.2149
488 420 9 10 236613435.2777
236 272 8 6 5030.5464
507 217 7 7 33906.3845
366 165 6 7 21098.7539
227 338 6 8 132114.7944
228 346 5 3 32.0952
488 324 5 10 11079975.9172
116 214 5 5 610.1533
499 343 1 6 773.8255
155 118 6 8 289104.691
480 256 1 8 41858.0106
176 478 4 5 481.7317
375 389 6 8 98442.6045
139 438 9 4 204.8919
366 395 3 8 106427.7284
42 36 6 9 967062.2733
470 372 8 2 16.677
127 490 1 10 6318104.1643
407 209 2 9 311197.9407
455 68 8 1 9.4659
222 99 3 3 19.9621
351 55 4 3 26.6908
418 87 10 3 60.3629
254 89 8 7 43446.8862
256 83 8 9 1519149.1255
225 147 7 8 219925.294
73 89 8 10 6141295.6616
376 270 8 8 210161.8693
415 507 10 6 17128.1249
414 382 10 5 1056.2088
319 321 2 4 48.7488
257 29 5 10 8467042.1989
312 374 7 7 30845.8928
43 150 2 2 5.6055
82 423 10 9 1508810.3067
226 280 6 1 7.5521
125 299 7 7 52203.9791
202 220 4 7 16048.2011
290 116 10 7 66491.878
130 118 4 1 5.5149
358 76 10 7 31975.3019
243 500 3 6 1499.3106
163 155 5 1 6.3992
445 227 10 9 10645087.5869
240 177 10 10 9441487.4963
299 246 10 2 21.0465
347 136 6 5 675.0889
211 323 8 6 6574.6866
318 227 7 3 46.3365
174 222 10 2 22.2977
35 492 8 1 9.4481
441 58 5 5 479.406
196 346 3 5 352.9834
511 236 10 8 211797.9713
485 390 7 3 43.9693
104 59 7 4 156.3827
479 450 6 10 6954122.6996
138 5 9 8 303919.7761
37 172 5 3 30.9232
138 363 10 3 59.0295
242 4 8 6 5895.8686
482 154 5 4 143.6933
149 188 10 2 21.9521
99 460 2 3 14.6048
425 450 7 5 716.4092
357 26 9 3 56.2214
161 115 8 9 1835257.8063
381 37 6 8 219096.8682
132 19 8 5 951.2718
187 142 5 10 9513066.1091
491 238 8 4 191.8619
159 315 10 5 1408.9634
210 320 5 3 32.1982
412 304 3 9 730325.2367
455 221 4 5 469.3017
206 67 3 7 11586.7882
49 231 6 3 38.9756
148 56 5 4 117.4625
418 274 1 9 554647.3751
101 374 3 5 380.3368
262 368 7 5 812.5788
508 424 5 5 597.7882
337 46 3 7 14087.2488
509 305 6 5 606.0418
204 60 3 5 354.2161
96 195 10 10 14441293.9475
339 139 3 3 19.2068
437 348 4 5 424.6691
121 269 9 3 56.216
246 328 3 6 2064.7854
484 17 8 6 5197.4464
69 250 3 1 4.4959
402 7 8 1 9.5602
129 389 5 1 6.502
119 123 8 4 201.2632
197 210 8 4 185.1783
363 165 3 6 4377.3367
87 5 6 2 13.0813
221 486 3 7 13834.4833
247 221 8 1 9.4658
413 265 1 1 2.5833
111 499 5 7 11095.8675
448 258 2 9 514873.5063
49 166 9 4 226.1943
110 115 5 6 2912.0144
26 425 9 1 10.5271
72 204 3 10 2049348.3013
315 355 1 3 7.7284
189 99 5 9 934059.3904
509 155 10 8 224720.4966
483 167 10 3 62.118
82 471 5 10 8609028.4565
145 45 8 10 82996009.1788
297 442 9 7 33318.059
55 250 1 4 23.4714
288 110 5 9 2027795.3661
445 503 9 9 2322574.8106
503 235 9 10 95556252.057
332 103 1 7 3285.19
489 487 2 5 193.5223
127 123 6 8 160452.9036
358 357 8 4 188.6006
330 332 9 4 206.0931
501 372 5 5 515.1617
253 133 6 8 303015.8564
78 174 9 8 183649.0393
337 445 3 5 417.1222
85 334 1 9 157577.1419
498 277 10 6 6456.3402
210 80 7 9 1474897.8625
42 223 9 8 815316.014
168 27 2 4 47.6657
160 87 4 10 10746115.4213
55 270 10 2 21.4509
36 223 1 3 7.6739
314 10 3 9 475518.5004
410 213 9 4 238.8879
484 485 9 3 56.0238
309 28 2 6 1075.2637
10 219 3 1 4.5561
69 297 9 6 9339.408
18 402 10 9 2140168.0136
457 206 8 2 17.8461
319 504 8 2 17.447
401 246 4 8 68960.8455
422 501 5 4 123.7671
26 11 5 7 23619.843
245 501 7 5 738.4698
211 451 4 5 434.2775
7 275 4 4 90.6158
293 502 9 4 205.792
340 55 9 9 4747804.151
385 449 4 7 14144.3365
474 142 9 9 2612603.0044
186 407 6 5 920.5315
116 149 10 6 4904.4186
83 372 5 5 692.8055
228 281 6 7 99546.7986
265 65 2 6 965.7061
230 241 3 6 2409.5364
435 123 4 7 12353.7485
288 386 8 8 376487.4942
497 427 4 6 2978.2653
452 23 6 5 714.6678
256 360 8 8 271768.4178
227 132 5 3 33.6117
352 378 8 4 196.959
294 84 10 1 11.3788
434 225 5 2 11.566
26 289 4 6 2917.4011
415 461 10 5 1281.2766
231 103 6 3 37.8557
58 371 3 9 4040824.9966
109 176 3 7 13542.1509
445 329 10 2 21.3707
255 165 6 8 267566.8162
219 451 5 6 3106.9922
162 205 10 9 1270009.4907
491 62 6 10 12721578.0998
7 308 7 2 15.6814
18 332 8 3 48.1964
76 390 5 9 42911259.0622
197 166 9 9 1582120.237
235 507 9 8 178771.1064
116 328 9 1 10.4642
197 207 8 7 25595.9862
109 115 5 3 31.6439
412 293 8 3 46.8682
350 270 9 7 47622.3106
112 330 7 3 43.3441
94 410 4 7 18798.0792
244 108 8 4 189.212
430 322 8 7 32101.4545
38 287 3 10 4529114.4598
413 145 4 7 17141.6716
132 195 6 6 3757.4455
366 374 10 2 21.683
276 123 2 5 213.4394
72 257 2 7 11621.2762
83 370 6 7 266102.0885
94 1 8 2 17.2009
125 184 10 4 254.8544
322 156 9 4 253.5413
427 192 2 2 5.7253
107 214 3 9 1360520.0616
399 122 3 1 4.4748
121 386 6 1 7.4726
219 414 8 3 49.7155
430 401 4 6 2392.6257
363 468 1 7 3228.8653
209 498 1 1 2.5927
481 116 8 1 9.5074
123 216 10 5 1379.5797
377 330 7 2 15.7407
450 12 3 5 357.3982
432 20 9 2 19.4554
470 270 4 3 24.1879
337 139 6 6 4640.0621
301 389 3 7 10175.2877
135 200 7 5 804.8868
159 50 8 10 11916742.2051
359 397 10 4 243.3356
33 149 8 1 9.5396
136 288 2 7 7353.8708
413 16 4 7 15307.8656
463 182 6 10 48951531.8217
198 105 7 8 150630.9059
49 140 7 8 223947.3497
33 261 7 9 3405307.0102
305 456 1 9 192971.2486
349 1 10 3 59.7134
504 327 7 6 3882.052
286 335 5 4 112.911
283 48 9 9 38091999.6393
60 394 4 8 320163.0332
227 316 9 4 205.3584
436 460 8 4 210.9452
88 61 1 4 24.753
100 508 2 3 13.443
477 260 8 9 1090591.5982
153 235 1 4 27.2753
315 224 8 10 20005070.3977
418 362 4 3 26.4829
349 509 9 10 41246168.3518
35 59 6 2 13.7016
77 252 1 3 7.7671
461 97 8 1 9.5362
411 182 10 1 11.6474
509 70 6 8 303172.2097
184 381 7 1 8.5342
316 475 3 1 4.5192
199 51 4 2 9.2204
239 85 3 7 15587.4123
495 137 1 10 1734591.5028
178 75 6 5 824.1276
49 269 2 8 126979.8787
473 106 7 3 39.4554
276 111 7 6 3047.6483
441 332 6 1 7.5386
205 450 5 2 11.9425
65 173 10 5 1052.1248
154 383 1 7 7174.6368
63 404 2 6 1431.8261
171 161 5 7 15270.9712
118 224 7 4 177.0939
435 190 1 10 1130190.8823
108 470 4 6 2722.7125
463 209 1 8 32005.8338
147 93 1 10 4584479.2515
120 408 6 8 108034.3846
370 455 1 6 634.1976
238 401 9 10 8542217.7304
376 455 2 4 41.7185
468 266 3 9 1345864.596
282 469 9 7 37175.1051
200 118 5 4 117.4921
239 435 9 8 138512.4294
29 477 4 3 25.0569
183 3 10 3 57.9139
232 241 2 10 3135633.2899
160 491 7 10 5726254.1404
384 176 6 4 165.7572
303 407 5 9 10007040.2653
244 2 10 10 60214610.8794
90 477 9 6 9152.6347
269 160 3 5 302.7653
9 255 6 2 13.7085
500 323 9 6 5419.4066
226 17 8 1 9.5639
162 100 7 6 5027.656
442 354 5 4 119.0724
254 56 2 2 5.6058
177 70 8 9 1158224.9324
283 413 8 5 1031.7494
467 303 1 2 3.6555
506 52 1 4 25.4155
402 315 8 5 929.8533
44 66 5 3 30.7656
205 376 8 1 9.6495
78 375 2 5 245.501
45 468 4 2 9.7003
300 11 10 4 203.1727
288 143 9 8 254798.4208
238 91 5 7 33815.5538
423 101 7 6 4250.5418
159 455 1 9 131759.094
46 77 10 5 1352.0858
438 456 2 2 5.6553
168 438 5 9 1340316.8397
228 205 7 5 906.6646
60 109 10 5 967.7833
97 31 5 3 31.5746
56 135 10 8 386725.9561
215 138 7 9 4686945.9804
305 446 10 4 241.1403
195 390 6 7 28309.9307
181 508 9 8 203893.3783
511 454 9 9 3240398.7859
388 279 10 5 1106.2441
13 343 4 6 3049.2985
132 121 7 3 40.738
420 165 5 9 3211932.6948
279 398 2 4 46.2277
334 466 6 5 699.7544
76 96 5 5 471.4584
397 429 4 7 17278.9417
271 172 6 2 13.741
297 357 4 8 198775.1491
398 305 3 9 765565.2869
266 449 6 5 1002.1881
380 322 1 7 4242.9742
511 252 7 9 1257130.898
412 136 9 2 18.8473
273 453 5 6 3093.6912
440 111 9 1 10.6347
88 261 1 9 590691.6409
40 321 9 4 203.9932
221 370 3 9 830292.1416
200 348 1 10 398810.5169
141 425 6 6 4388.6608
461 442 5 4 113.262
496 325 1 3 7.5724
504 467 10 5 987.4022
148 320 7 6 5584.4456
274 53 7 4 154.275
133 312 5 5 665.5934
166 318 10 6 7501.4981
326 491 7 1 8.5047
131 60 2 3 13.1016
336 448 5 6 3509.0235
392 136 5 5 459.2859
64 75 3 1 4.5407
211 433 6 1 7.5925
405 393 10 10 60462880.3721
415 14 3 6 2268.9244
475 69 4 9 2573919.2026
125 335 1 9 211224.8662
481 214 10 2 21.8875
125 1 2 1 3.5531
345 352 6 8 141433.3728
511 191 6 1 7.5154
398 405 7 8 294058.3722
204 231 8 5 864.6297
61 220 2 10 2638320.7305
359 498 4 4 90.4859
413 159 7 10 7368326.8042
4 62 6 9 902676.9328
458 351 1 5 237.5976
218 325 1 4 28.7413
184 488 5 9 924759.5555
131 327 10 6 6183.5912
29 210 6 1 7.4769
74 138 5 4 108.9091
48 333 4 10 3029156.9658
110 339 4 2 9.4124
408 186 1 6 733.0634
340 441 6 6 4531.5974
251 446 7 7 33486.468
31 254 6 3 36.4142
336 79 2 3 14.5072
111 375 10 1 11.5825
199 351 8 8 268320.2578
258 429 4 8 116774.4789
503 484 4 8 90839.5904
152 452 9 4 229.8593
247 166 6 2 13.536
460 442 10 6 5726.0377
81 489 8 1 9.6313
91 476 4 5 520.4205
202 449 10 1 11.4483
137 230 6 8 206834.8628
147 127 7 10 39576303.9661
229 424 8 6 4604.2744
462 27 2 3 13.3377
387 140 6 7 25306.6869
322 160 3 9 947671.712
177 218 5 6 3557.7946
53 275 1 9 427857.4313
268 37 7 7 34650.3958
330 88 7 4 170.5549
107 462 3 10 36867980.5046
508 252 8 3 45.3069
343 78 10 10 18741674.8907
385 88 8 9 1918913.598
403 66 1 1 2.5962
424 490 2 10 5264226.905
266 293 9 6 6524.3588
177 182 1 4 28.1707
149 4 6 4 144.3675
423 324 6 4 141.9234
504 180 10 3 58.5848
457 115 4 5 444.0037
493 85 6 7 25705.2044
257 240 10 9 1790762.4755
470 36 2 2 5.7183
179 507 3 2 7.6611
473 504 10 1 11.64
125 304 3 4 74.526
363 434 9 10 26973905.5278
175 87 10 8 366354.3012
183 464 3 3 19.2591
186 482 8 1 9.5412
146 458 7 5 802.1312
51 209 6 10 6786838.7234
413 464 10 5 1177.6229
331 130 5 8 225901.102
194 161 10 5 1264.9466
345 204 3 9 5211869.4509
342 194 4 5 496.4498
10 115 7 9 1630393.9714
160 432 1 9 114834.6201
215 229 4 6 2120.4223
484 191 3 1 4.5587
41 250 10 4 219.1309
339 86 2 10 5518585.7474
244 91 3 7 12265.7217
61 236 10 3 62.2496
190 394 1 8 37918.6797
125 6 1 6 455.7962
508 205 3 5 302.0645
248 408 6 8 195481.1977
411 280 3 5 312.1807
262 392 9 1 10.4211
400 392 4 8 84906.1512
386 265 3 5 329.1839
174 34 2 7 12934.674
96 121 1 9 233356.8092
263 96 1 6 783.9483
410 447 5 6 2543.1749
306 460 1 10 1050506.8847
191 279 7 8 225486.6358
35 83 6 3 37.1355
192 242 9 8 385198.55
369 247 1 1 2.5721
350 153 1 5 99.4622
479 274 8 1 9.6137
26 418 4 1 5.5358
301 269 5 10 7733586.8561
390 181 9 4 225.5213
316 65 10 7 26009.596
85 146 10 5 1066.8758
356 361 5 4 127.5379
241 163 5 5 586.7029
284 239 3 10 5890747.3789
364 384 9 3 55.7962
70 284 6 4 154.77
248 479 1 1 2.5858
483 142 3 3 19.4005
38 189 8 1 9.417
407 298 5 1 6.4505
285 240 7 7 19923.1057
22 131 9 8 421593.9904
427 98 3 3 19.066
293 274 2 8 91472.5301
119 489 1 6 535.2354
332 489 5 3 31.2638
283 245 1 8 64083.77
358 491 4 8 60024.9299
283 272 9 1 10.3909
162 72 4 8 114781.846
207 259 7 4 165.7309
246 89 9 5 1220.0834
359 59 9 1 10.4629
71 492 6 7 20147.6341
39 234 2 2 5.6159
297 212 9 6 8522.9899
256 326 9 4 190.2028
400 423 10 5 1346.1376
418 165 9 3 55.2364
461 334 3 2 8.0171
451 500 1 6 728.3757
63 480 2 7 7678.5883
276 339 1 5 122.362
141 172 3 7 22081.8647
299 64 7 5 705.641
93 402 10 7 38279.1196
90 165 2 7 13429.3224
433 169 10 9 3176299.1519
445 468 4 2 9.8367
367 36 3 10 4244142.3844
375 508 7 5 732.1159
225 288 4 9 1139528.3996
82 296 3 9 427811.0945
156 481 6 1 7.4762
366 8 4 6 2085.7997
100 420 4 10 12357443.229
264 109 6 3 35.8653
92 14 3 1 4.5544
134 35 7 4 174.2461
414 441 8 10 31460643.5551
187 57 3 5 335.3404
42 133 6 6 6076.6897
473 266 2 2 5.6096
458 119 7 4 152.0322
192 360 2 3 14.3833
94 81 10 6 7302.8574
216 13 6 9 1303969.6858
76 173 2 3 13.8581
120 454 7 1 8.5072
343 60 2 3 14.1376
192 460 1 6 755.4181
184 465 5 5 628.0985
69 61 2 4 47.192
487 247 3 10 2770431.157
266 308 1 6 427.6166
423 257 8 10 3882145.5276
421 192 9 10 31125741.264
143 98 4 7 35704.3547
89 380 3 4 75.6233
228 398 5 3 31.2801
312 208 4 7 28225.3711
51 506 7 4 157.7408
373 53 4 7 26674.9942
494 121 5 4 112.019
329 228 7 8 155549.9925
86 229 9 1 10.5092
476 119 4 1 5.4434
76 148 8 6 5672.7258
58 21 9 4 216.3738
443 33 4 5 454.6868
233 353 8 3 49.0865
141 25 2 7 15486.4896
195 58 10 5 1336.4771
287 178 7 6 3789.8028
181 421 9 6 6597.7076
419 33 7 8 136793.3122
386 116 4 9 836747.0008
163 39 7 5 965.6269
185 33 9 10 9903549.5689
185 471 5 7 17363.2506
186 5 3 9 1335930.2471
452 308 5 7 44270.0417
382 35 2 9 460357.0683
172 211 9 3 55.4893
260 59 9 8 927322.6817
333 111 9 8 317270.7475
57 59 1 9 133329.6515
202 115 8 9 17239110.8246
141 195 7 7 32150.0328
510 426 1 6 781.2461
444 365 4 2 9.5827
39 406 10 8 381718.9122
115 421 7 2 15.0088
317 45 7 10 23750892.2502
161 54 3 3 19.5935
459 283 9 6 4118.0484
299 249 8 6 4133.8004
3 507 2 4 55.025
229 428 1 6 811.5218
29 73 1 6 595.9515
330 30 6 10 16627979.9558
398 118 6 8 137670.9094
223 402 2 6 1042.1592
158 29 10 4 243.2852
235 346 8 6 6358.7241
361 212 6 1 7.5783
112 326 9 6 6376.4056
345 235 3 7 12456.2893
358 223 9 5 1177.9745
86 283 10 2 22.3163
467 161 8 2 17.2756
473 223 5 9 1633895.2587
29 209 3 1 4.5157
376 243 4 2 9.5271
72 50 3 2 7.7887
349 439 6 7 52445.776
308 170 2 6 1366.928
140 271 6 7 18789.6699
279 3 5 5 579.5949
207 34 4 9 917859.6668
32 332 4 9 883607.1243
149 170 10 5 1247.0125
183 54 8 2 17.3987
325 171 9 8 231597.5855
91 163 10 3 64.9495
40 473 4 8 195128.2541
363 384 2 10 5532607.8916
268 451 8 4 192.2095
399 15 8 1 9.5382
356 368 6 10 4830732.9685
486 70 4 10 8842790.0279
105 340 4 9 8556782.0198
435 24 3 10 6224455.7144
508 242 2 10 7693099.4524
417 254 5 3 32.4658
386 441 2 4 47.5808
89 423 9 10 13458367.3624
390 24 6 8 148399.3902
504 122 4 8 141865.8852
186 208 1 3 7.4206
70 485 10 7 51045.8565
165 337 3 1 4.5357
18 30 8 9 870123.6069
169 36 2 8 51440.7206
212 392 1 1 2.5637
248 453 4 7 13453.4328
169 310 2 6 1046.2494
495 378 3 4 74.6115
241 469 2 8 38490.1673
179 231 8 4 185.5837
119 322 1 3 7.5125
411 311 1 7 4800.6591
227 258 9 5 1073.359
160 45 5 9 1169242.2352
463 202 2 4 52.5521
208 153 10 2 21.25
140 420 4 3 26.1463
198 185 2 3 13.573
154 510 1 7 5595.4886
314 121 10 2 21.4191
251 401 4 5 422.1128
100 409 1 3 7.4493
112 412 8 9 1531214.8513
28 505 10 2 21.0024
296 137 10 3 62.2618
495 323 2 4 48.7541
43 180 8 9 825820.1012
159 171 7 5 1049.2291
109 281 2 9 192095.8257
232 145 10 3 61.0089
381 27 10 1 11.5903
140 401 3 7 12698.1215
103 320 9 9 1393381.701
86 459 7 9 1968277.8551
489 382 7 8 980441.9315
185 52 3 1 4.5079
127 172 4 5 558.1977
456 357 10 3 65.5215
355 326 8 7 38553.9731
9 219 10 1 11.539
160 508 8 7 30229.3076
303 177 9 3 55.7501
463 456 8 4 211.2997
163 224 9 6 5428.4932
233 28 2 8 56929.9098
142 354 4 5 356.7956
269 336 1 9 720128.7078
258 44 10 1 11.4848
341 396 2 4 48.3217
436 81 7 2 15.5355
232 130 6 1 7.415
60 340 4 10 2834262.362
145 318 2 7 7654.9788
487 498 10 7 48988.6809
165 470 4 6 3021.5647
123 193 3 4 69.6567
128 495 4 4 93.5505
465 349 7 10 4750905.5886
146 365 4 3 24.2561
425 335 5 10 31277356.1859
425 197 4 3 23.8783
9 241 2 5 274.671
128 424 7 1 8.4843
140 125 4 3 24.3398
143 503 1 2 3.6393
109 200 10 6 7166.7669
100 10 8 9 3017886.2556
358 496 9 3 53.4485
42 454 4 6 2385.6553
463 107 5 8 122586.0215
239 177 1 10 2032674.5636
511 267 2 8 44128.7988
498 163 3 1 4.525
281 392 9 10 15781937.4855
436 508 1 10 1689423.4875
270 121 7 2 15.3013
289 495 5 7 25963.4936
327 260 10 7 47290.5679
288 510 4 5 607.6635
13 86 10 4 221.8926
484 104 7 3 44.7785
76 320 6 5 829.2412
34 270 3 7 10120.7454
417 262 10 5 1373.3688
339 117 7 7 36667.8977
310 380 3 3 20.3767
112 259 1 8 35311.9366
26 406 6 7 18595.6582
255 223 6 2 13.8205
45 291 1 1 2.5831
225 344 7 10 144736532.3912
440 106 1 4 25.5851
143 484 4 3 27.3335
354 419 2 5 215.8431
419 206 4 10 2730688.1748
119 339 5 3 32.6628
226 436 6 5 888.2352
439 497 3 6 3844.6565
194 26 7 10 13983653.4484
100 262 2 2 5.5437
77 56 9 6 5002.8893
391 338 5 9 589135.3523
197 35 10 1 11.597
505 417 5 5 777.9729
508 260 2 7 8261.4357
134 480 5 5 516.1507
209 492 3 8 102564.9586
463 286 6 10 24905334.9401
121 55 9 8 242272.6629
94 58 4 7 20552.8281
174 474 8 4 204.9445
131 54 4 9 1570818.0411
164 145 1 5 165.8443
288 487 1 2 3.6664
310 363 6 6 5387.1322
79 402 1 6 614.1501
178 332 6 8 270155.3242
3 218 2 10 4217526.0753
70 382 4 9 656937.2081
331 321 9 6 5442.2954
357 509 5 6 2900.3509
187 274 10 9 1784480.9561
179 105 3 3 20.8557
292 415 5 4 124.2889
153 385 4 8 80124.353
98 383 2 10 5704638.869
250 191 10 6 5237.3252
80 417 10 1 11.4211
165 178 8 4 197.5973
296 247 8 3 48.7922
66 366 7 5 862.4182
185 205 8 5 1049.1108
39 301 10 5 1272.5794
495 509 6 10 19097142.2173
324 396 6 5 657.1932
484 215 5 8 149061.0125
461 40 9 3 55.3487
468 365 4 9 1246998.4821
421 91 6 1 7.6112
478 225 7 7 29090.9565
259 305 6 9 11122333.1683
64 82 10 1 11.4581
357 475 8 2 17.8919
89 270 9 10 10634069.1704
296 90 7 8 233181.4608
428 311 3 8 391339.0786
473 126 6 1 7.4984
348 165 6 5 648.8222
245 192 7 7 36723.5463
53 264 10 7 34009.2161
252 453 2 2 5.672
13 167 2 7 8346.8363
245 367 2 2 5.5159
65 488 9 10 22913687.4458
178 501 9 1 10.4989
55 321 7 6 4294.1861
217 504 8 3 48.0291
280 176 5 1 6.5118
472 426 10 8 271531.8804
260 434 1 7 4974.7246
54 13 9 1 10.5677
118 10 4 2 9.5395
164 315 2 2 5.7865
203 425 3 1 4.5099
460 428 6 7 21343.4649
106 164 1 8 67079.3688
342 261 3 10 4944938.7052
343 26 7 7 59055.7216
188 194 3 3 20.5082
501 128 6 7 30579.5739
265 301 8 3 47.6183
106 340 5 3 30.6933
449 100 3 4 68.1391
25 280 2 10 1752651.2323
