1 5 6 5 788.0674
1 9 4 7 16928.9399
1 10 7 10 13325703.5487
1 18 8 2 17.5147
1 19 7 6 3902.7637
1 30 2 10 1028851.0468
1 48 7 3 43.4645
1 113 2 6 974.3696
1 136 7 9 1041443.5723
1 151 6 9 3033486.4384
1 157 8 3 48.0648
1 167 4 1 5.5806
1 216 7 6 4088.5102
1 257 4 6 2742.8528
1 260 9 6 8953.095
1 266 10 3 60.7035
1 275 2 7 4516.2358
1 322 7 3 44.2959
1 353 5 8 96426.8647
1 416 6 8 209352.4506
1 553 7 5 760.2726
1 619 2 4 53.2688
1 647 10 6 6547.4644
1 671 6 1 7.4438
1 675 2 7 6835.1779
1 680 6 5 688.6228
1 705 2 3 13.6046
1 844 9 10 14003403.4234
1 903 2 7 23685.9871
1 918 8 3 49.8578
1 937 6 3 39.0424
1 3 7 5 876.5361
1 13 3 6 2025.4231
1 81 10 10 24977691.9924
1 121 10 7 108221.6553
1 130 8 1 9.5167
1 249 8 4 191.2872
1 258 4 10 3539501.5939
1 291 9 8 206983.949
1 323 7 1 8.5066
1 341 1 2 3.6581
1 481 8 10 15382247.8978
1 518 1 4 24.3058
1 519 1 7 3402.1731
1 722 6 10 9844114.3781
1 773 10 6 4587.0527
1 805 3 4 77.7659
1 835 2 1 3.5422
1 919 3 5 298.3325
2 8 1 8 50209.3017
2 16 9 4 206.9259
2 31 2 9 606968.79
2 38 3 1 4.5605
2 71 9 3 58.9286
2 83 1 3 8.058
2 136 9 9 3567262.7295
2 229 4 3 25.3887
2 293 5 10 18281605.8606
2 358 7 5 706.0994
2 482 8 8 240949.3168
2 536 9 1 10.3808
2 566 5 7 26348.8654
2 645 3 10 13757632.0057
2 706 1 1 2.5818
2 769 8 7 26625.4142
2 826 10 5 893.0547
2 921 3 9 349176.7304
2 9 7 7 24797.9131
2 21 2 7 6303.3347
2 30 10 9 1039483.8188
2 39 7 5 1105.1611
2 44 2 8 212901.6707
2 65 7 4 182.5795
2 72 5 4 128.5991
2 113 2 4 43.3177
2 129 6 6 4266.7934
2 146 4 8 113647.5928
2 149 7 3 46.5093
2 211 1 8 39987.2256
2 257 1 1 2.5753
2 265 4 9 3175322.078
2 513 1 9 165394.8547
2 523 6 7 24102.3052
2 673 5 2 11.8788
2 774 4 4 93.3247
2 785 5 1 6.5332
3 4 7 10 22693060.3804
3 9 10 10 35526657.6906
3 49 9 5 1242.8186
3 133 6 8 117944.4924
3 168 6 6 4407.1941
3 261 2 10 5074841.9252
3 268 9 6 6437.8442
3 329 9 8 560808.0741
3 524 7 2 16.2246
3 827 1 10 2379384.1711
3 34 8 8 174149.3764
3 38 9 2 19.6618
3 68 9 1 10.5075
3 90 9 5 1198.4276
3 142 5 2 11.8027
3 146 10 10 8825524.6509
3 386 10 2 21.8993
3 438 1 4 22.1097
3 547 5 8 190451.6214
3 593 2 8 38449.3517
3 711 5 10 7201886.8909
3 853 8 9 1209346.9466
3 913 3 9 887925.8926
4 25 9 5 1318.9065
4 132 5 5 552.9346
4 273 9 10 27961870.4399
4 278 7 1 8.5885
4 531 6 9 1620272.6453
4 593 6 7 32161.4689
4 653 10 2 21.224
4 818 5 1 6.5318
4 7 6 7 23729.4678
4 34 6 8 560778.8566
4 40 3 4 73.4757
4 61 10 7 43002.1727
4 106 10 1 11.5784
4 108 2 7 9805.8835
4 113 10 4 246.3766
4 199 6 10 4339997.2815
4 359 1 7 9542.3418
4 489 1 9 230569.6223
4 518 4 3 25.2867
4 628 3 6 2080.9676
4 657 4 6 2181.6587
4 666 7 9 2867700.6377
5 5 10 4 234.3625
5 16 6 3 38.6899
5 25 4 6 2594.1969
5 51 2 2 5.5069
5 61 2 4 48.5509
5 65 4 9 1319464.7763
5 249 5 8 169716.9346
5 285 8 6 5625.9309
5 294 6 3 35.9887
5 369 4 7 30356.4033
5 518 1 8 32430.2623
5 577 10 10 24876049.9581
5 684 2 7 12156.9622
5 775 1 5 135.7318
5 804 8 3 47.8631
5 809 10 7 37805.4474
5 50 9 10 18359802.4108
5 90 2 8 67174.5187
5 189 2 3 13.3151
5 212 8 8 231245.7877
5 257 10 5 1080.5784
5 265 10 3 55.2414
5 276 8 2 17.2359
5 322 3 5 390.7231
5 396 7 5 933.004
5 515 4 10 11177377.5804
5 547 5 10 5257517.0188
5 552 4 10 54899328.5218
5 555 4 7 20322.5744
5 567 1 8 26205.3449
5 593 9 9 2547230.2872
5 641 10 7 51042.2575
5 646 3 10 5961318.4292
5 650 5 3 30.3895
5 901 8 4 204.5071
6 19 1 8 23456.1215
6 217 8 1 9.6401
6 585 4 9 343891.4482
6 888 9 9 1590396.5485
6 30 1 7 4680.8609
6 58 8 1 9.4482
6 61 4 10 19557538.6401
6 186 7 5 865.9891
6 233 2 6 1000.7426
6 257 9 3 55.4177
6 385 4 9 535541.4573
6 513 2 10 3131331.7622
6 514 7 3 44.8936
6 534 3 10 4346992.601
6 577 2 3 12.9108
6 626 7 4 172.5371
6 912 7 6 4422.642
7 149 6 6 3768.0155
7 213 1 3 7.4089
7 260 10 8 464556.5796
7 268 7 3 42.533
7 269 1 6 577.8034
7 467 4 1 5.4768
7 513 5 5 557.4738
7 799 8 4 227.5603
7 1003 6 1 7.5746
7 103 2 3 13.6119
7 133 6 7 31100.974
7 205 3 9 265589.6304
7 305 8 10 16489827.8311
7 326 3 2 7.3905
7 385 1 4 25.3554
7 397 9 10 7754237.8755
7 413 2 10 1427170.3901
7 474 8 5 1172.0538
7 535 4 5 473.3318
7 545 5 5 557.8823
7 558 10 7 37603.4308
7 641 3 3 18.238
7 682 7 5 906.0396
7 695 5 6 3018.9031
7 778 4 4 106.5565
7 871 6 8 136204.4944
8 82 9 6 4023.0014
8 111 10 5 1196.1151
8 238 2 4 59.2988
8 716 4 3 25.77
8 20 10 1 11.6024
8 260 5 3 31.151
8 293 2 5 220.7846
8 420 2 4 50.3178
8 721 3 9 3670410.9064
9 20 8 7 22868.0193
9 33 4 10 6410243.254
9 43 6 1 7.5106
9 59 5 3 29.8953
9 203 4 4 97.891
9 273 2 4 50.1695
9 274 1 9 460496.5375
9 387 1 2 3.6918
9 394 1 10 1569460.1657
9 487 1 10 4281168.8698
9 553 5 1 6.5454
9 643 3 8 55951.1115
9 657 4 3 25.1704
9 736 10 3 61.8259
9 851 7 7 20469.6772
9 903 6 1 7.6654
9 73 2 4 52.8485
9 169 5 7 27607.4071
9 173 3 2 7.5483
9 194 6 6 3920.6067
9 262 5 8 290436.2426
9 278 2 3 12.8272
9 305 7 7 36692.2246
9 331 2 4 41.44
9 392 7 3 42.6258
9 431 1 7 11178.8005
9 518 8 5 806.721
9 627 6 6 3738.1302
9 775 7 4 152.0182
9 923 5 10 12305375.958
10 40 8 4 213.68
10 44 1 2 3.6826
10 275 1 4 26.4786
10 417 6 3 38.3071
10 527 4 4 102.1268
10 573 4 3 27.2962
10 824 2 7 7633.3527
10 908 10 7 35591.1124
10 17 2 2 5.6115
10 25 9 7 54906.7126
10 41 10 5 1053.3219
10 51 2 8 51632.7753
10 231 6 9 2391373.2717
10 400 10 4 236.3506
10 455 7 1 8.4391
10 521 6 2 13.3519
10 801 6 5 618.1394
10 874 7 3 42.2713
10 949 1 2 3.7423
10 501 9 5 971.3498
11 14 5 4 122.8868
11 41 9 1 10.3331
11 76 10 9 4920380.2984
11 85 4 6 3278.9145
11 161 1 4 24.4027
11 177 5 8 186732.0078
11 209 8 2 17.8419
11 519 10 3 64.9133
11 524 7 6 3750.4134
11 585 8 6 4999.983
11 600 3 5 304.3917
11 681 1 6 718.7984
11 779 10 9 2328102.5686
11 21 9 1 10.6661
11 45 2 8 60328.876
11 129 7 3 43.7142
11 130 1 4 22.8164
11 401 5 10 16435645.5946
11 529 9 7 50562.0648
11 536 1 4 22.7895
11 537 3 8 77003.381
11 562 4 4 91.7418
11 659 7 5 999.972
11 912 5 8 240184.249
11 930 2 3 13.244
12 205 3 8 51415.2391
12 587 1 7 3320.8283
12 753 5 2 11.6683
12 780 6 4 152.046
12 203 2 7 12063.3955
12 267 6 1 7.4743
12 306 9 3 53.6702
12 327 9 4 184.892
12 347 4 3 25.1369
12 348 4 9 644866.3154
12 515 3 7 25606.8409
12 533 4 6 2614.7739
12 597 9 6 8692.2678
13 25 6 9 2130531.0029
13 56 2 4 49.3432
13 66 10 8 381079.5952
13 117 1 3 7.7856
13 129 3 10 4934959.0197
13 270 6 10 12315671.5637
13 367 5 6 3197.6715
13 635 5 9 1264493.7953
13 782 8 7 44181.2459
13 37 9 1 10.5107
13 45 6 6 5508.36
13 112 4 10 4179804.8912
13 209 5 10 6757143.6574
13 269 1 9 187989.5472
13 287 9 6 5717.7807
13 350 8 3 47.31
13 692 1 10 1460181.9955
13 906 6 9 1835929.8845
14 67 3 7 17290.5235
14 193 5 4 123.0111
14 225 3 5 469.8094
14 321 6 1 7.522
14 781 1 5 142.7825
14 38 8 1 9.5201
15 128 1 1 2.5795
15 153 3 4 70.7231
15 211 1 9 194359.0548
15 322 7 10 13589908.5972
15 377 4 1 5.5485
15 585 7 7 28523.7333
15 617 1 3 7.4451
15 99 9 6 5887.5399
15 209 8 2 17.611
15 683 10 4 227.2739
15 781 4 8 172841.1812
16 353 5 4 120.1241
16 486 1 8 34044.4676
16 660 3 10 46771646.115
16 855 10 5 1330.7822
16 343 1 4 26.5576
16 558 1 1 2.5942
17 25 7 8 210163.6723
17 65 2 8 87210.9154
17 97 10 1 11.5259
17 133 5 2 12.1603
17 149 7 5 695.3288
17 199 6 9 1355966.0106
17 517 9 2 19.7055
17 644 4 7 48257.2985
17 807 3 4 78.7974
17 33 8 3 50.8788
17 68 4 1 5.5621
17 276 4 1 5.5138
17 325 9 6 5111.6901
17 327 9 9 3164593.3268
17 402 10 2 21.2246
17 419 3 4 76.9213
17 530 5 3 32.4382
17 641 9 5 1147.4484
17 665 8 9 896484.3477
17 781 10 4 205.0838
17 793 6 9 1604451.3872
17 833 7 7 28322.336
18 49 3 2 7.6253
18 130 6 10 67508321.4966
18 259 6 9 689468.1666
18 50 7 6 3938.1442
18 133 10 5 1113.6307
18 707 10 3 62.5689
18 811 6 8 125244.7995
19 52 3 4 79.8837
19 204 8 2 17.6098
19 216 5 4 123.0429
19 291 1 9 338929.3413
19 642 3 6 2095.1061
19 646 9 7 73568.7615
19 98 5 6 3016.6626
19 145 10 7 43210.4397
19 241 7 10 6047679.3187
19 280 4 5 478.4479
19 337 7 9 2417685.1908
19 561 2 2 5.5597
19 575 1 7 3582.5808
19 633 4 5 486.0244
19 701 9 8 497306.7726
19 817 1 2 3.6021
20 25 2 2 5.6439
20 658 6 5 708.1848
20 710 3 6 2385.2923
20 181 5 1 6.4183
20 293 3 3 19.5917
20 577 6 2 13.0761
20 712 7 9 1464647.7786
21 29 10 8 333340.0894
21 37 10 10 15145265.9999
21 70 6 9 4960653.6294
21 177 2 2 5.6886
21 195 1 8 24004.9581
21 324 1 1 2.5851
21 787 3 9 1805149.4172
21 27 3 2 7.672
21 41 7 5 864.121
21 68 8 5 942.7966
21 91 3 5 283.3412
21 96 10 7 232892.3236
21 150 2 3 14.1468
21 404 8 5 1224.3562
21 412 3 4 64.9661
21 531 3 10 7306216.3998
21 564 8 3 48.1331
21 681 5 7 24660.0574
21 725 9 5 1135.0438
22 117 4 3 26.087
22 259 9 5 1003.9612
22 309 10 8 150974.9366
22 31 10 1 11.5972
22 137 8 9 1496334.7359
22 162 1 8 36123.7662
22 401 7 10 16079215.3084
22 442 7 9 1957364.6236
22 545 5 10 19936097.1342
22 833 2 6 1367.6219
22 840 3 6 3890.9903
23 25 6 2 13.1675
23 69 3 9 648028.3943
23 98 5 9 925593.0868
23 108 10 5 1486.7811
23 134 9 3 57.7031
23 282 2 2 5.62
23 321 2 3 13.1798
23 332 8 8 265139.0681
23 566 3 5 365.7893
23 27 2 9 836942.7715
23 955 4 6 2580.1613
23 978 9 9 1655244.8589
24 329 4 2 9.4459
24 771 4 9 2323255.1505
24 887 1 9 138848.0687
24 46 1 10 1709012.1031
24 134 8 2 17.5221
24 865 10 10 23639899.0967
25 534 3 5 432.9142
25 782 9 6 6753.762
25 787 3 2 7.4857
25 849 5 3 32.4749
25 945 8 3 49.2289
25 123 1 9 217527.3263
25 149 8 8 328222.5264
25 259 5 5 514.8044
25 434 10 2 21.5142
25 545 7 4 157.8323
25 611 6 3 37.2272
25 632 5 9 6790511.6106
25 737 2 2 5.6119
25 817 3 3 22.2488
26 524 2 8 67696.9551
26 593 6 6 6342.5061
26 66 1 8 21106.8716
26 170 9 5 1194.1827
26 355 1 5 145.1316
26 646 6 7 19802.715
26 738 6 8 143807.5542
26 789 9 5 1146.9609
27 110 2 10 3712261.16
27 802 10 7 29963.8723
27 34 2 8 32919.9352
27 65 5 7 20376.3073
27 105 1 6 703.6894
27 154 10 4 257.704
27 579 8 1 9.5668
27 659 10 7 34431.531
28 131 4 6 2746.1381
28 211 5 4 117.9152
28 548 5 10 12651973.3846
28 550 6 7 22902.9869
28 278 3 2 7.6713
28 295 10 9 1579970.9775
29 43 2 9 185870.1987
29 73 4 3 25.2938
29 147 2 5 242.6315
29 193 8 1 9.4895
29 204 9 2 19.2879
29 625 7 4 180.8906
29 648 5 1 6.5944
29 105 10 3 59.635
29 113 7 5 673.7764
29 194 5 3 31.457
29 565 1 10 7229041.559
29 610 5 5 833.8795
30 328 8 7 30847.0254
30 533 10 7 29033.0338
30 810 7 5 787.9887
30 301 3 1 4.4697
30 321 2 7 9391.7356
30 967 8 6 4611.4296
31 53 3 6 2188.6789
31 130 10 5 871.9627
31 589 3 3 21.1476
31 355 7 5 844.9735
31 833 3 5 400.8668
32 78 9 7 33002.4808
32 562 2 9 611319.0075
32 34 2 9 465384.7573
32 86 6 9 8831327.1102
33 34 6 7 45040.5759
33 43 7 10 12654471.9073
33 73 3 1 4.589
33 186 7 10 30661009.0219
33 197 3 5 305.9259
33 205 10 7 38260.7264
33 212 6 2 13.5428
33 220 4 10 6129481.0661
33 277 10 9 2040410.4095
33 389 10 6 5006.2127
33 415 10 10 14314676.8894
33 515 7 9 1930538.2818
33 613 3 1 4.5171
33 642 7 4 176.7988
33 722 3 9 878851.9302
33 760 7 10 19176582.4972
33 804 6 1 7.4758
33 849 5 4 116.8242
33 961 7 5 808.2497
33 97 7 10 35382784.8938
33 173 3 6 4118.6177
33 177 7 3 46.0041
33 229 2 5 247.6742
33 263 7 8 231436.3618
33 292 3 9 1156890.7519
33 327 2 8 150573.1433
33 346 6 10 9711092.5216
33 421 9 1 10.5857
33 429 4 3 24.0868
33 561 1 5 105.2101
33 755 7 4 170.1912
33 773 10 6 7548.0332
33 835 8 4 213.405
33 842 7 8 234419.5066
33 873 6 8 158728.6069
34 65 2 5 198.5554
34 277 8 8 307412.1266
34 278 8 4 187.7781
34 321 4 7 9438.9587
34 545 5 5 445.9324
34 786 4 4 105.188
34 899 8 2 17.6159
34 946 8 10 44828113.0564
34 58 6 1 7.4446
34 61 5 7 30393.4843
34 117 1 7 7697.1582
34 245 3 3 20.1388
34 339 2 4 48.0329
34 517 4 5 529.0847
34 529 3 6 2444.3654
34 597 7 9 1766507.2833
34 682 10 6 7308.8198
34 925 8 2 18.1715
35 145 5 5 541.5826
35 293 2 5 221.5653
35 325 7 5 792.6726
35 562 9 9 2211581.4615
35 664 9 7 29398.4148
35 721 6 7 28993.1163
35 801 7 8 186863.2394
35 37 1 7 4416.3589
35 96 8 2 17.8479
35 161 8 5 772.2043
35 165 1 1 2.5821
35 213 7 7 53788.7952
35 259 5 1 6.448
35 269 9 1 10.3581
35 306 3 3 20.5312
35 363 1 9 91742.4118
35 518 7 6 5525.8337
35 702 2 7 9276.9903
35 705 1 4 28.0871
35 770 5 10 6067858.7918
35 802 10 8 812021.744
35 978 1 6 969.5642
36 66 4 9 602192.5592
36 267 3 9 506336.0063
36 552 8 5 1088.0351
36 690 6 8 180127.0005
36 227 1 1 2.5796
36 284 5 1 6.5491
36 330 10 3 60.8067
36 713 3 3 18.0487
36 991 6 5 582.427
37 49 10 4 220.595
37 258 2 3 13.6707
37 267 4 1 5.5355
37 289 8 7 43472.6182
37 321 3 1 4.5875
37 449 10 10 49156463.109
37 556 10 5 1366.8975
37 706 1 6 848.6482
37 859 3 8 49747.729
37 259 2 9 188055.8822
37 281 9 7 29044.07
37 290 2 3 13.4976
37 307 3 10 4624649.8065
37 513 6 8 209738.6548
37 515 9 2 19.9027
37 528 2 9 139415.2666
37 529 5 7 23724.4487
37 551 7 8 272166.6461
37 554 2 10 2567325.1531
37 573 7 2 15.3973
37 661 4 4 125.6702
37 997 1 8 33152.7527
37 1012 9 4 200.63
38 365 8 1 9.4357
38 521 5 7 16894.9543
38 595 4 5 446.6185
38 641 1 9 232033.285
38 674 4 8 80994.5267
38 68 2 9 459924.435
38 73 4 5 471.4882
38 130 3 2 7.4301
38 534 3 7 19767.5239
38 953 2 2 5.757
39 181 6 5 748.9803
39 205 7 8 935500.7186
39 545 3 1 4.5257
39 93 3 8 59531.4023
39 165 10 8 256222.4727
39 393 7 7 25417.0609
39 877 1 7 5416.4527
40 49 7 1 8.5436
40 521 4 6 3332.9356
40 983 2 2 5.6539
40 41 8 5 1205.0176
40 74 5 7 26395.2955
40 130 8 7 34253.7088
40 137 5 3 31.5952
40 202 9 5 972.4423
40 681 2 9 4279141.2317
40 898 5 6 3113.2377
41 66 6 7 36859.1524
41 257 4 3 24.9598
41 513 9 8 149109.44
41 529 1 3 8.1622
41 606 7 6 3250.7612
41 646 4 2 9.8158
41 673 10 10 35285623.6444
41 757 7 5 625.7771
41 762 9 10 10999870.5004
41 841 5 4 120.6619
41 981 6 10 8610413.8662
41 162 10 4 227.169
41 552 1 9 293113.354
41 761 5 4 130.3092
42 97 3 9 330790.1618
42 264 3 10 3732810.9362
42 277 6 5 679.911
42 322 10 5 1266.9502
42 514 5 10 108955235.9337
42 988 8 8 347607.5108
42 65 2 10 78317343.6489
42 273 4 2 9.3954
42 519 10 7 58372.6963
43 43 9 7 45819.587
43 141 4 4 87.5851
43 330 2 8 61569.2991
43 412 4 4 102.6986
43 779 6 1 7.4835
43 840 6 3 37.741
43 186 2 7 12944.4119
43 305 2 4 53.7638
43 340 4 2 9.1274
43 514 2 8 40299.1719
43 858 7 5 712.6411
43 883 3 8 98496.8429
44 547 4 7 19184.5575
44 193 7 6 4546.9428
44 807 3 7 8824.1428
44 833 7 2 15.3047
45 48 4 7 24706.5083
45 431 4 10 10148889.1585
45 525 3 9 494241.0518
45 795 8 10 44162498.8177
45 311 3 10 3318790.5374
45 567 4 10 22751643.6738
45 726 4 9 747620.2298
46 51 9 5 830.9438
46 75 4 7 14687.116
46 267 1 6 638.7268
46 616 2 5 216.9558
46 809 9 10 19560526.8724
46 845 9 1 10.6301
46 329 5 5 557.6052
46 742 4 7 14044.0814
46 786 8 3 50.8111
46 801 5 9 1580103.3502
47 58 7 4 153.8093
47 53 1 6 820.2709
47 251 10 4 225.0841
48 81 6 10 5582932.1411
48 1023 6 6 3966.8889
48 274 5 8 168152.4037
48 289 1 7 3889.8638
48 514 9 3 58.0671
49 68 4 3 25.2196
49 169 10 7 62790.125
49 177 4 8 79336.1723
49 194 3 1 4.5478
49 199 2 7 5503.7605
49 227 6 6 5011.9955
49 647 7 2 15.4415
49 709 3 1 4.4979
49 790 7 2 15.5767
49 844 3 9 305883.9023
49 933 2 9 317681.8785
49 98 5 1 6.5507
49 105 5 5 623.0983
49 453 2 9 224366.6979
49 577 6 9 1581752.1356
49 645 9 9 1353505.9037
49 650 1 2 3.6851
49 776 5 8 192195.3811
50 311 10 3 62.7488
50 314 9 10 7195647.4484
50 517 3 9 1701466.3638
50 94 7 2 15.8475
50 369 1 10 2199778.8582
51 114 7 8 149906.6845
51 529 2 6 1821.9434
51 289 4 4 92.7163
51 873 5 1 6.4822
52 71 4 7 9751.6902
52 378 7 9 4249404.131
52 517 8 5 1074.116
52 81 10 2 20.7164
52 969 8 1 9.5376
53 189 8 4 187.1824
53 257 10 4 251.2248
53 286 8 3 49.9701
53 391 6 8 167083.1111
53 900 1 7 3131.3475
53 169 5 5 573.9649
53 193 7 3 42.843
53 417 4 9 969846.666
53 513 2 7 6154.5134
53 556 10 10 11656450.7908
53 661 10 6 5628.7049
53 677 7 5 959.0408
53 794 9 2 19.5281
54 147 1 3 7.4337
54 246 5 10 7615478.1387
55 113 3 8 130921.9087
55 719 10 7 41379.7791
55 157 9 1 10.4888
56 279 3 9 361005.6462
56 210 7 2 15.4713
57 90 4 1 5.5615
57 268 5 5 564.4694
57 473 6 10 2641511.6982
57 545 1 6 561.521
57 561 1 2 3.704
57 267 9 3 56.2996
57 878 4 6 3948.2591
58 129 2 5 192.8629
58 449 4 10 12470281.3303
58 297 4 9 1731340.028
59 114 4 8 146341.9609
59 471 7 4 183.6595
59 60 3 3 18.2562
59 129 7 10 4953460.834
59 402 8 7 28324.1617
59 467 5 2 11.4724
59 596 3 5 296.9283
59 255 1 10 2993789.7108
60 293 8 4 178.6583
60 454 7 10 31699625.2275
60 584 10 4 271.8256
61 113 1 9 741970.5431
61 949 5 9 1780482.3822
61 290 7 8 169996.4735
62 645 1 2 3.7834
62 649 9 3 56.1098
62 66 6 2 13.7197
62 198 5 7 36632.3103
63 522 2 8 124484.3716
63 613 4 1 5.5544
63 420 6 2 13.4455
64 305 10 6 4586.5631
64 746 4 10 2126729.7812
65 193 8 9 1159952.5055
65 195 10 8 415909.1338
65 198 4 10 5112758.5172
65 204 1 3 7.6561
65 273 3 8 107631.3822
65 371 10 1 11.569
65 466 7 5 1012.9641
65 482 2 10 2838536.9171
65 515 10 5 1160.9411
65 687 1 10 1409191.4502
65 757 6 6 3066.6188
65 772 6 5 955.3158
65 781 10 3 60.703
65 791 3 10 10446389.8035
65 85 2 2 5.6768
65 105 10 6 5125.2526
65 214 3 5 387.1874
65 247 5 7 49599.573
65 387 1 6 978.6435
65 483 10 2 21.3454
65 490 9 6 7457.548
65 573 4 4 92.3977
65 581 6 3 38.7149
65 586 1 1 2.5759
65 587 3 3 20.6698
65 673 8 9 895509.9516
65 738 4 9 1055880.6355
65 853 4 5 491.2099
65 929 9 6 5110.9871
65 860 2 6 1558.3494
66 97 8 6 5355.3111
66 105 4 6 2311.7067
66 119 7 2 15.6683
66 219 7 4 176.1935
66 242 2 7 9756.1114
66 266 1 1 2.5846
66 275 3 8 59857.3829
66 422 8 5 1006.4291
66 516 6 2 13.3026
66 572 5 8 203769.4318
66 615 9 3 53.8957
66 73 8 1 9.6834
66 86 2 9 582515.759
66 233 9 1 10.4309
66 513 9 5 1036.2574
66 514 8 2 17.5124
66 726 8 3 49.4877
67 141 2 10 3587848.434
67 546 10 5 1093.7395
67 217 10 9 3258764.2107
67 241 7 2 15.7699
67 409 4 7 22882.2744
67 410 8 10 27522586.3401
67 519 10 6 6362.5598
67 667 4 8 185261.2507
67 190 9 5 926.1041
68 74 2 5 183.9525
68 454 8 1 9.4447
68 483 4 9 709144.1492
68 841 3 5 340.8458
68 135 9 5 1020.625
68 146 9 7 27321.3838
68 169 4 8 105110.8833
68 262 8 6 9975.2079
68 771 5 9 1695853.9668
68 835 9 3 55.4447
69 154 2 1 3.5229
69 193 9 8 385282.9132
69 227 8 1 9.5249
69 285 1 9 230610.7522
69 323 7 3 45.2452
69 577 5 5 598.1001
69 115 2 8 60253.9415
69 145 9 10 7472826.0913
69 169 5 2 11.7992
69 257 7 6 4057.6576
69 403 9 6 6664.5671
69 431 2 8 64168.2853
69 550 10 6 7280.4491
69 601 1 7 5308.0429
69 769 5 9 956378.332
69 871 4 6 2046.5598
70 139 8 7 78612.9408
70 277 3 1 4.5129
70 467 3 8 316159.7831
70 530 5 7 28929.9403
70 573 5 9 942377.2347
70 769 2 10 2396567.264
70 147 5 8 91903.6832
70 213 3 8 61400.0713
70 257 2 6 1341.5838
70 517 3 9 667511.2778
70 661 10 10 15886310.7578
70 820 6 3 36.7209
70 493 6 6 3281.3288
71 110 1 1 2.5868
71 213 8 9 2543106.6473
71 432 8 10 19000915.0005
71 609 3 8 71281.0851
71 643 5 5 738.2242
71 647 3 2 7.5757
71 649 7 7 36052.69
71 673 4 7 19712.4725
71 102 7 10 6074344.5109
71 619 8 7 30718.8272
72 265 2 4 54.6842
72 410 10 7 58106.0145
72 701 10 4 262.7632
73 281 3 6 2412.922
73 438 2 10 5978871.7041
73 534 8 5 1206.909
73 962 7 5 620.1898
73 141 8 4 190.4798
73 170 3 5 332.1016
73 193 2 5 254.3573
73 262 4 2 9.3173
73 517 2 4 52.5706
73 578 7 1 8.5352
73 853 5 6 2387.9754
74 641 10 7 56727.8808
74 871 4 2 9.3052
74 1000 7 4 186.8728
74 271 7 9 2182257.883
74 387 4 10 16156294.9229
74 638 2 4 46.3745
74 644 9 6 7080.5642
74 801 4 4 101.9576
74 816 5 9 1122269.348
74 936 6 4 142.5319
74 980 3 7 38642.6683
75 513 2 4 44.5922
75 549 3 7 13575.2774
75 601 1 8 22634.6119
75 769 2 8 62236.3439
75 1013 3 5 402.3678
75 85 6 10 55667602.5575
75 326 3 6 3059.4928
75 539 5 6 2825.3978
76 260 4 6 4102.1139
76 577 10 9 4385217.3903
76 299 7 9 3282409.3821
76 386 2 3 13.7246
77 77 2 2 5.6862
77 85 3 7 6473.795
77 134 10 1 11.5373
77 263 5 6 3613.8121
77 587 1 1 2.5861
77 856 5 6 3354.3598
77 90 1 3 7.4117
77 121 2 5 260.9185
77 577 3 9 1268327.3651
77 620 1 3 7.5544
77 629 4 2 9.5163
77 649 3 7 18928.507
77 705 6 10 56588047.06
78 257 7 4 167.9678
78 268 7 4 160.2422
78 451 4 6 2233.1739
78 457 9 10 13100955.0786
78 310 2 4 49.2654
78 376 8 6 5359.4433
79 289 3 1 4.4925
79 518 6 6 3546.4182
79 785 10 5 1070.0338
79 920 4 7 15568.6625
79 103 4 3 24.8653
79 131 3 8 208959.2688
79 300 3 1 4.552
80 166 6 6 2651.8959
80 387 4 4 99.2172
80 658 5 1 6.5074
81 83 1 6 610.7081
81 133 1 3 7.5275
81 212 5 8 129254.702
81 529 2 7 6874.8242
81 678 1 4 26.1038
81 921 2 2 5.6383
81 97 4 10 3716319.3689
81 123 6 4 139.6828
81 207 2 3 13.2605
81 233 5 5 604.1552
81 323 3 7 14830.7283
81 395 5 10 40425105.8592
81 403 10 10 11780465.7217
81 580 6 3 36.2327
81 606 7 9 1423021.2094
81 690 8 8 583498.7098
82 808 10 2 21.0505
82 853 7 2 15.9608
82 137 6 4 145.6644
82 161 1 1 2.5964
82 197 5 8 88066.9922
82 522 7 10 8179734.1835
82 617 8 8 194611.2138
83 281 4 9 846278.4961
83 284 5 1 6.5226
83 723 6 4 162.9004
83 654 5 3 28.5718
84 116 2 6 1452.1038
84 125 8 5 1087.6851
84 305 3 2 7.4028
84 618 7 1 8.5794
84 785 8 2 17.5124
84 336 6 2 13.4626
85 217 6 2 13.764
85 491 1 8 30266.4726
85 113 7 10 6164809.178
85 135 10 7 33841.7548
85 297 8 8 267136.428
85 539 6 6 3534.4569
85 778 3 2 7.6381
86 661 9 2 20.6161
86 913 6 9 3855574.2828
87 235 10 9 2645245.5747
87 525 9 8 251389.5701
87 219 9 6 5558.2456
87 531 1 6 663.7111
87 837 9 8 230232.712
88 354 7 6 4403.4866
88 463 10 2 21.2326
88 513 1 10 12142607.1676
88 516 5 8 265012.8044
88 140 6 5 645.1769
88 165 1 9 315750.3952
89 331 9 4 200.2044
89 783 10 6 5877.8496
89 130 10 3 63.3489
89 209 5 8 138092.9535
90 347 8 4 175.2224
90 552 6 1 7.4753
91 275 4 1 5.4561
91 844 8 10 17682358.9224
91 978 2 9 585033.8009
91 989 5 1 6.4857
91 849 7 2 16.3878
92 155 4 3 24.9562
92 653 7 1 8.5492
92 952 5 9 601124.4569
92 93 5 4 114.2704
92 238 1 4 25.6564
92 597 10 6 6791.4616
92 476 9 5 1102.1684
93 449 3 10 6166552.5108
93 600 6 3 35.5239
94 135 5 6 4939.1469
94 670 10 1 11.5605
94 516 3 9 999548.1563
94 500 4 10 13104355.8067
95 870 7 6 4262.7062
95 955 8 10 33560292.4401
95 133 6 5 750.8636
95 146 2 8 68031.1884
95 521 2 9 777179.4034
95 935 3 6 2369.3198
97 104 2 6 2615.0293
97 149 6 3 37.5433
97 209 4 5 593.8137
97 221 10 3 57.1077
97 277 5 4 119.2996
97 305 4 5 448.4239
97 322 3 3 19.5708
97 357 10 7 57323.7904
97 548 3 6 1545.4875
97 777 7 10 6421279.8685
97 821 6 3 38.491
97 513 9 6 7068.5487
97 561 3 2 7.4568
97 579 6 8 111291.1191
97 841 1 7 4050.3414
98 131 2 6 887.9177
98 145 10 6 5824.6988
98 168 8 1 9.5109
98 196 7 9 3394822.6936
98 287 2 5 206.1012
98 474 10 3 58.7275
98 526 4 10 4648142.8655
98 182 6 9 1448729.7944
98 257 7 9 1184635.1754
98 529 3 9 794481.3185
98 550 4 7 25251.1829
98 743 4 4 109.8622
98 801 7 7 32915.8333
99 353 9 1 10.5788
99 402 3 2 7.7951
99 672 4 8 306132.2371
99 929 9 8 315209.7518
99 169 9 5 1233.0903
99 202 9 2 19.1438
99 275 9 3 52.8262
99 404 8 8 602439.9463
99 649 10 5 1142.2195
99 717 1 4 27.2157
100 118 10 7 46303.6312
100 135 5 7 18220.8432
100 250 2 6 1403.3775
100 538 3 8 59411.4208
101 129 8 2 17.6079
101 295 1 6 770.1969
101 753 10 3 63.1632
101 769 1 7 5640.1054
101 902 1 3 7.6093
101 179 2 8 43393.7099
101 198 10 3 60.1632
101 260 3 3 20.1075
101 337 8 3 52.4253
101 514 7 3 44.4461
101 572 7 3 42.5419
101 723 4 8 128739.3915
102 125 6 1 7.5838
102 162 1 7 6879.1128
102 170 9 10 22052205.3615
102 393 5 2 11.0835
102 600 4 4 112.4275
102 282 8 10 8649642.774
102 416 9 4 280.3913
102 459 1 2 3.6264
102 777 5 3 33.7504
103 167 3 8 728174.8226
103 265 7 3 44.9736
103 152 4 4 92.4503
103 554 9 8 422488.2054
104 705 3 10 33397775.7489
105 133 5 10 111018552.0978
105 314 4 10 13405553.2594
105 513 4 5 514.1031
105 674 5 10 9611356.9083
105 159 3 3 19.1634
105 168 8 4 165.4872
105 286 7 1 8.4583
105 561 6 9 2861014.1521
105 627 10 7 67613.9288
105 722 3 9 729717.3147
105 723 2 10 5206389.1085
105 805 5 9 567277.226
105 835 4 1 5.4936
106 297 1 6 673.2657
106 780 5 10 13413020.1816
106 410 9 1 10.4585
106 457 9 5 1134.5975
106 566 5 7 39067.1404
106 681 5 10 44330100.3349
107 517 8 5 1091.7674
107 653 5 8 101359.4504
107 118 3 3 20.0977
107 305 6 2 13.4239
107 325 2 2 5.5921
107 341 5 4 127.0788
107 841 1 6 818.7145
108 130 5 5 606.5481
108 113 10 2 21.9048
109 134 3 2 7.6094
109 515 5 3 34.7719
109 826 10 4 311.0205
109 651 1 4 25.6774
109 709 6 7 29469.1185
110 708 2 3 12.816
110 315 7 5 849.147
111 691 2 8 70116.8997
113 166 10 1 11.5979
113 777 5 7 22487.4064
113 213 1 4 27.9519
113 372 7 2 15.522
113 492 9 8 249460.6788
113 514 6 10 19744946.7522
113 905 5 10 18387249.2217
115 417 6 5 581.9803
115 453 4 9 3022715.5327
115 498 10 4 279.2759
115 873 6 3 37.5898
115 421 10 3 65.986
115 627 7 7 22529.7575
116 601 7 2 15.7995
116 898 9 8 260912.0281
117 144 6 6 4903.297
117 276 8 10 132276590.6069
117 327 1 6 559.7367
118 804 9 3 59.127
119 566 5 9 635579.8475
120 447 3 4 69.6614
120 837 6 7 24901.4048
121 194 5 8 113874.3545
121 579 5 10 25911796.97
122 537 3 2 7.5062
122 523 8 8 238298.3259
122 678 10 2 22.0765
123 186 8 1 9.6257
123 295 10 4 210.8738
124 601 6 3 37.7288
125 305 5 4 120.9294
125 349 3 10 4633664.7565
125 745 2 9 425565.2544
126 269 2 1 3.5482
126 612 5 10 5713554.3575
128 999 4 6 3282.7822
129 135 7 2 15.0914
129 201 1 5 133.9209
129 209 10 5 1010.23
129 321 5 6 3375.1774
129 363 1 3 8.0311
129 376 6 4 117.1612
129 377 1 7 2913.6206
129 434 9 1 10.4308
129 454 8 7 59408.8973
129 629 7 3 42.7298
129 771 9 9 1523601.2855
129 807 8 2 17.8598
129 178 1 7 3518.3376
129 278 10 1 11.6094
129 349 1 10 3666046.3631
129 772 6 9 1372947.3559
130 164 3 1 4.5563
130 585 9 9 3535577.3267
130 708 5 7 24072.6762
130 584 10 3 63.4178
130 655 4 10 21767094.1365
130 673 3 1 4.5148
130 913 6 3 39.0786
130 1005 4 7 65171.8009
131 273 2 4 50.3626
131 274 7 8 180846.3362
131 369 5 10 3956477.2848
131 521 3 3 20.4633
131 529 10 3 64.6711
131 533 8 3 47.4917
131 541 6 5 964.437
131 676 2 5 254.2635
131 773 10 6 7073.791
131 981 8 5 1055.8052
131 149 3 8 217343.5516
131 233 6 4 166.3125
131 760 8 1 9.5338
131 863 4 4 84.0143
131 964 4 5 453.1464
132 582 6 6 3010.7869
132 194 2 5 216.5884
132 261 5 7 23654.1237
132 297 5 5 614.796
132 522 6 1 7.5862
132 903 6 1 7.5059
132 962 10 4 261.8557
133 138 4 3 26.2626
133 373 5 8 92273.4159
133 517 5 6 3978.1488
133 714 6 9 1963656.3252
133 917 8 9 2539678.5496
133 958 3 10 7376874.2703
133 152 6 7 19187.7423
133 289 4 10 9390296.2214
133 398 2 9 1361840.5721
133 518 2 10 11162482.8115
133 531 5 1 6.5291
133 567 7 1 8.5311
133 843 8 8 213028.347
134 139 10 1 11.5561
134 615 1 7 7521.3837
134 157 2 5 196.7566
134 276 3 1 4.5225
134 577 8 4 181.22
134 801 2 6 1080.0769
135 209 2 5 255.3423
135 225 9 6 5182.8973
135 378 10 10 50847113.3446
135 391 5 9 667327.6164
135 517 3 8 74067.5336
135 769 4 9 768631.7396
135 263 2 8 47022.617
135 293 7 4 162.6028
135 356 10 8 315826.4721
135 486 4 9 1485342.6554
135 526 9 2 19.7639
135 533 8 10 19479789.2312
135 807 6 4 124.4612
136 259 7 1 8.5113
136 545 7 4 167.4908
136 141 7 2 15.3324
136 705 9 4 215.0511
137 161 3 3 19.8796
137 483 10 1 11.3356
137 611 6 4 166.7679
137 658 8 10 308733542.0866
137 685 5 10 12527082.3126
137 832 6 5 665.261
137 283 9 6 5402.6657
137 453 4 3 25.7248
137 553 1 6 734.439
137 579 5 7 20837.8805
137 580 4 7 26765.3789
138 149 6 9 567229.0249
138 257 1 7 4465.9963
138 260 3 1 4.5076
138 326 6 1 7.4715
138 679 10 8 418516.7894
138 779 1 8 28634.3208
138 177 7 1 8.5272
138 555 10 10 20051244.2999
138 907 8 4 195.4086
139 267 3 3 20.4019
139 416 1 2 3.7364
139 591 7 8 314450.16
139 903 10 7 39841.005
139 217 1 5 106.0938
139 259 6 5 703.0505
139 354 3 9 255859.9627
139 538 9 1 10.4669
140 427 3 8 58509.3818
140 866 2 4 45.3025
140 149 4 5 423.2623
141 144 7 4 188.9354
141 169 5 5 587.0158
141 465 1 4 27.5908
141 725 9 6 5928.9109
141 777 10 10 25044026.0626
141 202 7 6 6527.7376
141 301 6 5 648.2213
141 620 4 1 5.4788
142 522 10 1 11.5056
142 955 2 1 3.5495
142 151 1 6 551.3368
142 166 6 6 5453.7865
142 185 3 10 8470011.8842
142 549 4 4 98.6035
142 713 1 9 385498.6507
143 642 3 3 19.4075
143 724 4 4 89.7919
143 787 8 1 9.5074
143 480 4 10 8993530.1471
144 145 7 10 9439644.6546
144 188 2 9 838429.8141
144 287 5 8 125116.2054
144 643 8 4 209.4825
145 249 6 8 166080.6593
145 258 7 2 15.6768
145 419 6 7 45536.6294
145 434 6 9 929201.2912
145 521 7 7 27449.8861
145 801 1 7 4379.6649
145 161 10 5 1214.8428
145 172 6 6 4487.9312
145 179 1 8 27118.8109
145 401 9 9 2027466.2093
145 529 4 5 457.3848
145 721 7 5 931.2421
146 185 10 5 1058.6642
146 217 2 6 1375.1413
146 274 7 8 159322.2334
146 393 9 5 967.3959
146 514 4 9 2151476.9975
146 577 6 5 732.9564
146 326 1 9 296937.3266
147 147 3 10 9685014.5001
147 397 2 8 191592.8316
147 911 3 6 3087.9591
147 149 2 2 5.6595
147 201 9 4 220.41
147 443 9 7 33905.6541
147 550 9 4 239.5239
147 723 10 10 8029171.5679
148 514 9 4 225.9719
148 523 4 8 103235.4737
148 388 6 3 38.8219
148 592 9 1 10.5923
148 834 4 9 481206.8047
149 279 9 3 52.3984
149 465 9 6 5434.0714
149 516 3 9 3125741.128
149 913 2 7 14309.1467
149 530 6 1 7.568
149 593 5 3 30.3842
149 835 7 8 510420.4333
149 910 5 1 6.4505
150 634 2 10 4734722.9974
150 650 3 4 68.109
150 348 2 8 55055.6808
151 161 6 5 823.1266
151 657 4 5 461.3848
152 208 10 9 12295462.6858
152 251 5 9 728752.0986
152 154 10 4 249.7642
152 545 10 2 21.6162
153 181 4 3 26.1989
154 172 8 5 1174.8349
154 593 7 1 8.3793
154 599 6 10 62824690.1152
154 834 6 2 13.312
154 962 5 3 30.9565
154 513 7 4 170.9957
155 597 7 4 185.7037
156 777 7 3 45.7885
156 440 4 9 1186037.7311
157 522 3 3 18.7111
157 815 10 6 5734.9056
157 243 1 1 2.5807
157 258 7 6 4678.0003
157 290 7 10 37877408.4459
157 315 6 3 38.8442
157 385 6 2 13.6202
157 529 5 3 32.6398
157 683 9 1 10.629
158 405 9 6 4534.7953
158 227 4 5 500.5966
158 516 1 2 3.5806
159 387 5 2 11.567
160 527 7 4 176.5078
160 525 3 9 519737.5718
161 453 6 7 24332.7042
161 645 4 10 39163909.4325
161 802 7 3 42.9562
161 163 6 5 600.4571
161 257 2 6 1605.4149
161 339 10 1 11.6149
161 387 8 4 172.5762
161 406 9 3 56.399
161 515 9 7 38542.0901
161 545 5 7 24826.552
161 641 1 6 817.4435
162 327 5 8 117373.8781
162 377 1 4 23.6569
162 525 6 3 37.1527
162 577 9 5 1249.5938
162 718 4 4 92.7649
162 899 4 9 456081.4874
162 185 7 9 1514962.117
162 426 5 5 484.8194
162 639 5 1 6.588
162 707 3 8 145973.2383
162 815 4 8 87018.2409
163 291 9 8 294017.3564
163 307 4 10 9784674.647
163 518 10 10 38748799.9667
163 194 7 3 43.4918
163 273 7 1 8.6586
163 293 5 10 7700999.4666
163 364 1 3 7.5011
163 563 4 5 421.1512
163 901 6 6 3067.2352
164 228 4 2 9.5968
164 362 8 9 1271399.5172
164 602 4 2 9.3481
164 306 9 4 203.4101
164 669 9 7 30004.9745
165 218 6 4 154.4371
165 265 1 3 7.3041
165 281 9 5 975.4923
165 330 7 4 170.3083
165 482 6 4 132.122
165 637 9 3 58.7803
165 647 10 9 1869583.1595
165 521 1 9 601190.7547
165 876 10 5 949.8546
166 398 3 9 801867.3935
166 260 1 1 2.5901
166 873 8 7 47625.1026
166 945 1 2 3.644
167 687 3 2 7.7691
168 290 9 4 197.4682
168 385 5 10 12759453.6308
168 457 9 4 203.0404
168 713 2 5 247.6581
168 298 6 6 4166.8004
168 325 3 5 303.5732
169 481 5 9 1044124.7538
169 343 7 6 6443.8293
169 359 2 1 3.5715
169 385 3 9 944112.9294
169 561 4 2 9.3714
170 352 9 8 224334.3682
170 515 10 2 21.9547
170 339 8 1 9.483
170 517 1 3 7.8045
170 549 8 4 177.858
171 613 1 9 187241.6207
171 722 6 10 14717318.1748
172 811 9 3 55.0349
172 529 1 1 2.5902
173 570 4 2 9.4955
173 665 1 7 3656.9612
173 577 9 2 19.681
174 262 10 7 26525.7884
174 513 10 8 202703.9679
174 525 4 5 454.5812
175 494 5 2 11.3802
175 583 6 10 6076212.6646
176 864 1 10 892879.7425
177 271 3 2 7.7053
177 274 7 3 43.2752
177 825 6 2 13.5463
177 865 7 7 100855.5118
177 917 7 9 1243969.5744
177 933 10 4 240.5881
177 221 3 9 492195.8597
177 600 6 7 23647.5638
177 609 10 4 225.589
178 281 9 9 4064567.9142
178 561 2 10 5749585.016
178 612 7 4 185.2842
178 745 3 4 67.4278
178 193 10 8 999104.6339
178 269 5 6 3567.7247
178 518 8 1 9.3647
179 581 5 3 30.8143
179 798 3 4 72.3511
180 430 9 5 927.8157
180 325 1 4 24.9764
180 999 3 2 7.6928
181 601 1 7 7153.9729
181 974 5 4 109.7209
181 971 1 7 7096.924
182 332 1 7 8513.649
182 769 2 3 13.9623
182 965 7 2 15.7504
182 641 10 4 220.7148
183 301 8 5 907.9365
183 673 10 5 1050.0591
183 729 3 6 1901.2962
185 665 6 3 37.7088
186 392 1 8 28083.2035
186 609 4 5 587.2379
187 273 3 5 382.976
187 583 1 10 3139549.7179
188 801 10 10 9806681.2791
189 200 3 7 16898.8889
189 345 3 1 4.5245
189 849 7 3 43.5634
193 389 3 1 4.5283
193 393 1 10 1872051.8539
193 525 4 4 91.1886
193 537 4 8 97789.1047
193 714 9 1 10.5143
193 899 7 8 297347.8376
193 905 7 3 43.3608
193 1000 2 6 1246.3173
193 269 3 2 7.5581
193 326 6 4 136.6654
193 642 5 4 108.3286
193 967 10 10 9256712.7992
194 376 6 1 7.5962
194 423 3 7 15816.6996
194 719 1 9 180731.6956
194 776 4 6 2254.2635
194 263 4 2 9.4705
194 377 8 6 7440.6511
194 577 3 2 7.6117
194 781 3 7 19807.1555
194 1010 10 4 250.4839
195 322 5 1 6.6119
195 593 5 3 32.3475
195 678 6 5 707.2196
195 429 5 3 32.0143
195 907 10 2 21.1878
196 646 9 3 58.7972
196 852 4 10 4052867.4307
197 287 5 5 615.9466
197 378 1 10 2405010.3746
197 199 2 6 1364.1847
197 323 9 3 57.5707
197 906 8 7 30639.803
197 925 1 6 480.9532
198 298 5 8 118920.887
198 593 1 5 117.2916
198 612 1 2 3.7139
198 770 1 7 5448.7385
198 359 4 6 2579.7994
198 434 9 1 10.4989
198 461 10 4 226.0922
198 967 2 2 5.3487
199 813 2 5 249.3016
200 788 3 10 10502563.0212
201 446 8 9 1513014.3836
201 578 3 7 18549.5731
201 925 6 7 32112.8426
201 325 3 9 985314.93
201 728 9 7 36642.4676
201 778 5 1 6.5313
201 843 3 9 810207.7808
201 921 9 8 228119.9146
202 658 6 10 23021623.4317
204 655 10 6 6726.6886
204 431 4 10 14431824.3489
205 521 2 8 39503.3977
205 331 2 1 3.5446
206 458 6 2 13.8518
206 453 3 8 72173.6553
206 665 7 7 69768.7493
206 947 8 10 15162790.9662
206 976 2 10 8985091.8115
207 531 7 4 151.2634
207 242 10 3 65.0957
207 387 5 8 629650.6509
209 535 2 4 50.491
209 273 7 9 589482.7628
209 483 4 3 23.8821
209 586 4 4 110.4301
210 514 7 3 43.5417
210 565 7 2 15.625
210 405 3 7 8966.3878
210 546 8 1 9.4641
211 883 4 9 2284514.512
211 610 1 7 3891.2547
211 649 7 9 3560802.0283
211 907 7 2 15.9291
212 395 2 6 1434.7478
212 468 4 4 103.8788
212 771 8 7 23061.0649
212 823 3 2 7.3242
213 263 4 1 5.4802
213 286 6 5 529.6608
213 674 1 4 23.8561
213 234 9 5 1097.6723
213 257 6 9 1833847.4649
213 305 7 5 808.2346
214 386 4 10 8747387.7323
214 184 9 9 18724652.2191
215 370 7 3 42.5874
215 586 2 2 5.5934
215 386 9 1 10.4116
217 793 3 8 112282.7669
217 651 2 5 252.5984
217 915 4 10 9265712.2811
218 924 1 6 504.7567
218 586 3 5 332.2278
220 390 4 6 2616.4379
221 659 1 5 148.8196
221 761 10 10 32452069.2971
223 533 1 3 7.6904
223 853 5 10 10975270.7837
223 578 8 5 760.4984
223 782 3 1 4.4924
223 571 9 3 55.6772
225 289 5 4 127.5757
226 258 7 7 22580.6741
226 317 10 2 21.6106
226 949 6 3 37.9759
226 273 7 8 156109.4696
226 610 4 5 485.0943
227 260 3 5 549.3973
227 473 7 2 15.5179
227 546 1 2 3.6493
227 659 1 8 41224.7441
227 769 4 8 125330.4904
227 783 4 4 106.216
228 337 5 1 6.5936
228 593 6 3 37.8513
228 839 3 7 19840.7355
228 729 1 3 7.5574
229 295 6 7 21370.7174
229 577 8 1 9.5178
230 522 10 6 11110.6946
230 701 5 5 556.6499
231 932 1 4 25.4199
232 262 1 1 2.5902
232 291 1 3 7.5916
232 297 3 6 2627.5579
232 620 7 1 8.4602
232 905 3 7 37563.4958
232 990 1 10 967258.4315
233 481 10 10 23880107.1686
233 807 6 2 13.3132
234 913 5 4 140.6249
234 974 7 5 845.8021
234 518 2 5 323.3074
235 849 9 1 10.6563
235 918 5 2 11.6649
235 273 10 10 14853982.0944
235 523 6 1 7.4958
236 282 5 6 3805.5501
236 646 2 6 1282.9042
236 741 10 1 11.557
237 578 1 8 243772.3288
237 822 9 1 10.5173
238 679 2 7 8416.1951
239 621 4 9 1380441.1623
239 643 2 8 63369.5139
240 371 3 10 4244516.1612
240 561 9 2 19.4396
241 800 3 10 6995705.5144
241 915 1 6 490.2707
241 448 8 4 192.5979
242 246 2 7 9542.3244
243 267 7 3 43.0225
244 257 7 9 2654973.1238
245 357 6 2 13.3852
245 933 10 9 4394152.497
245 537 3 6 1679.9075
245 662 10 1 11.6027
246 706 8 2 17.4947
247 641 3 7 7658.4267
248 627 3 8 67499.2162
249 291 10 8 529321.0376
249 558 3 7 8720.9038
249 903 10 6 9888.0445
249 906 3 6 2677.7768
254 637 2 6 1201.8024
254 819 6 1 7.5751
254 792 3 9 443766.6841
257 263 6 7 18922.5693
257 313 6 7 32317.9687
257 345 2 3 14.0734
257 417 4 10 5981475.7974
257 513 7 6 4515.9556
257 523 1 7 4379.991
257 617 10 4 242.1659
257 706 10 3 60.3782
257 765 5 6 5041.8677
257 773 4 5 470.301
257 805 2 1 3.5334
257 905 6 9 1626542.038
257 964 6 10 5016353.5376
257 993 1 6 529.6624
257 261 9 10 25450538.2823
257 294 9 4 221.6369
257 473 4 1 5.6685
257 541 1 1 2.5601
257 771 10 8 165645.0243
257 857 10 4 227.039
258 269 8 2 17.6084
258 273 5 3 33.501
258 545 7 6 3409.5753
258 681 8 4 196.0248
258 807 5 5 656.2384
258 913 10 4 256.3071
258 921 10 7 55151.2596
258 946 2 8 44604.0965
258 538 2 3 14.5707
258 573 6 5 743.2344
258 653 2 3 13.1209
258 676 9 6 5849.334
258 761 10 3 64.3943
258 786 8 4 190.3682
258 930 5 9 734922.9269
259 266 3 4 77.4321
259 674 10 5 1310.5105
259 811 8 10 11495494.8661
259 881 2 5 244.6939
259 279 5 9 839233.0722
259 291 6 10 19291561.2639
259 305 5 10 9787862.6855
259 330 10 10 65377135.1428
259 641 4 5 467.5934
259 723 2 2 5.7675
259 879 8 7 28165.8606
259 272 4 8 66548.0752
260 269 7 9 1253464.8551
260 328 4 8 97077.1714
260 533 3 9 1265930.3052
260 273 4 5 449.9053
260 657 1 10 2287994.2964
260 675 8 3 48.0052
261 296 7 10 17117854.0191
261 523 9 5 1200.0275
261 546 7 8 711989.1916
261 679 2 4 50.0352
261 979 4 2 9.5193
261 297 4 7 30520.6478
261 530 9 3 57.4726
261 666 3 9 758569.8844
261 693 9 5 1029.409
261 742 3 1 4.579
261 867 7 9 2061060.7272
261 1001 9 2 19.5838
262 357 9 7 62458.4451
262 673 6 2 13.838
262 996 1 8 67355.7919
262 426 4 2 9.2603
262 626 9 7 82336.8368
262 753 3 7 13677.1822
262 939 6 6 4234.5466
263 907 4 2 9.4713
263 1014 2 3 13.0821
263 322 1 10 2494489.6787
264 547 3 3 19.7979
265 297 10 3 61.312
265 321 4 4 101.0282
265 569 9 8 420128.3783
265 266 8 2 17.2503
265 815 3 2 7.3616
265 836 3 1 4.5068
265 872 5 4 127.2048
266 340 9 2 19.6269
266 633 4 4 88.0594
266 335 4 7 16963.7652
266 465 5 2 11.8017
266 548 8 8 190807.4488
266 615 6 6 3887.6558
267 273 8 2 17.5569
267 327 6 8 97027.5938
267 337 9 4 206.9573
267 505 9 8 154913.9398
267 362 8 9 1938972.0384
267 513 3 1 4.5382
267 253 9 1 10.2598
268 524 5 1 6.5943
268 582 4 8 224397.7872
268 505 7 2 16.3778
269 513 6 7 18663.8102
269 525 9 8 338145.6709
269 578 8 2 17.4847
269 986 5 2 11.3626
270 445 5 8 169372.7392
270 641 2 8 50507.399
270 489 5 8 100182.4771
271 533 1 10 739066.0915
271 643 9 2 19.1535
273 281 9 6 6113.7397
273 379 10 3 64.2442
273 521 5 8 115782.1732
273 555 3 10 2345590.6527
273 641 7 7 26880.9066
273 685 8 6 5029.1643
273 900 3 6 2875.9174
273 323 1 6 611.2938
273 343 8 4 218.7843
273 922 10 1 11.5196
274 582 8 10 6474404.0516
274 694 1 3 7.6584
274 810 8 1 9.4599
274 904 3 9 1272922.5395
274 516 10 6 6241.0161
275 335 7 7 34465.7931
275 302 7 9 1192750.6623
275 793 9 6 7108.3019
275 933 8 6 5440.4608
276 402 3 6 1887.6772
276 486 8 1 9.4744
276 513 10 1 11.5159
276 387 7 8 443980.7746
277 289 1 8 21394.8148
277 393 3 7 15054.8865
277 395 9 10 35333625.809
277 539 4 9 571755.969
277 629 10 9 2702458.9435
277 662 10 1 11.2889
277 484 7 2 15.1545
277 591 3 10 5569261.7321
277 908 4 2 9.5962
278 386 6 10 12201798.2908
278 402 8 10 20437736.9941
278 770 3 9 2667935.9798
279 531 7 4 147.7194
279 657 1 7 5221.815
279 684 4 2 9.9214
280 902 6 3 40.2695
280 417 4 5 495.8144
280 510 9 8 323348.6159
281 601 5 5 473.7481
281 675 5 2 11.5364
281 327 1 9 404060.2231
281 745 2 3 14.8769
281 252 1 7 3467.982
282 518 8 10 11718335.3915
282 607 8 4 236.392
282 833 8 3 51.7288
283 577 8 9 1374692.0951
283 718 3 1 4.5036
283 788 7 9 2648811.8199
284 515 8 4 177.1228
284 713 7 3 45.1345
285 836 5 6 3361.3835
285 402 4 7 15605.3359
286 483 8 7 62978.1439
287 625 2 5 218.9572
287 833 4 4 99.7341
287 1002 1 8 31100.5377
287 890 4 10 5773598.2156
288 449 7 5 792.1242
288 803 8 3 48.0358
288 814 1 7 4289.5041
289 293 5 7 29957.568
289 342 4 8 640692.0408
289 546 3 9 2015445.8217
289 777 1 9 175307.2215
289 297 9 2 19.2475
289 335 8 4 204.1727
289 355 2 7 8304.8443
289 421 9 4 249.6283
289 482 6 8 109452.088
289 550 10 2 21.493
289 608 3 4 71.2897
289 675 9 4 255.9922
289 738 8 5 1272.4207
290 346 8 6 5066.0475
290 469 9 5 983.6672
290 473 5 10 3182837.6231
290 649 5 7 32504.9633
290 754 2 4 49.4314
290 789 2 3 13.4058
290 647 5 7 20247.161
291 329 10 9 1697499.6312
291 389 6 6 6164.0427
291 652 10 8 484660.8044
292 611 2 4 53.2431
292 769 3 7 13447.1858
292 968 9 10 97839600.566
292 300 9 8 438628.7459
292 962 2 2 5.6337
293 525 4 4 96.7956
293 594 7 8 111170.5791
293 304 8 2 17.4986
293 305 2 9 407614.3757
293 417 2 2 5.4975
293 533 6 7 33677.006
293 578 7 1 8.496
293 705 2 9 982175.9794
294 961 1 7 3920.5174
294 622 6 8 245548.0466
295 743 7 5 857.8284
295 865 2 4 52.6757
295 713 1 7 4224.6912
297 337 5 9 663952.46
297 410 1 6 578.8604
297 517 5 9 3811362.4387
297 348 9 9 2377294.9458
297 521 2 8 211679.2202
297 555 3 1 4.5249
298 326 5 6 2566.3831
298 390 2 4 53.0726
298 545 2 2 5.5761
298 743 9 9 1035224.98
298 388 8 4 207.5708
299 801 9 1 10.5621
299 405 8 10 5795719.6719
300 496 5 2 11.306
300 631 10 6 9557.7307
301 468 3 2 7.6273
301 591 9 6 4049.1001
301 761 6 5 675.7494
302 778 8 6 6463.4522
302 649 10 3 60.719
303 809 7 9 2591308.6819
305 514 5 8 151996.527
305 833 7 8 309632.5925
306 577 10 2 21.4074
306 398 8 1 9.5512
307 551 4 9 1757586.811
307 919 4 4 102.8376
308 515 10 5 1301.8837
309 584 2 1 3.5405
309 641 4 1 5.4992
309 693 9 4 237.121
309 833 1 8 26012.5012
309 849 8 1 9.4781
309 851 10 4 261.4306
310 775 10 8 292584.6508
310 703 3 10 4382686.144
311 937 5 3 31.2263
313 515 9 5 948.2113
313 385 1 1 2.5805
313 802 4 4 105.3367
314 348 5 7 14366.0402
314 849 10 7 48807.7276
314 901 3 1 4.5158
314 970 9 7 55813.9153
315 377 2 7 10575.8494
315 519 5 9 1984944.9143
316 740 9 7 39401.7307
316 321 2 3 12.8105
316 514 8 4 186.8375
317 453 7 5 923.1305
317 362 2 7 13492.6322
317 930 3 10 10634143.2156
317 939 3 5 372.974
317 1014 3 7 11205.305
319 533 7 3 41.184
319 915 5 10 10401750.0257
319 778 4 1 5.5901
321 408 3 5 314.6651
321 429 6 5 604.9162
321 469 3 2 7.3779
321 642 1 6 793.7551
321 721 2 7 17773.7122
321 922 5 8 200065.4232
321 928 4 7 12321.0371
322 338 3 2 7.6191
322 769 7 3 43.3823
322 835 6 4 157.0908
322 1009 7 9 1359150.8595
322 450 2 1 3.5409
322 977 5 3 31.2753
323 417 6 3 36.9362
323 900 8 2 17.8129
323 903 10 3 64.9207
323 593 9 7 38732.264
323 727 8 10 11472316.917
324 361 7 1 8.5275
324 516 5 9 952407.5224
324 722 9 7 50542.5008
325 514 3 10 4064809.256
325 531 7 8 123817.4322
325 789 3 5 327.3116
325 985 6 7 14749.9975
326 615 10 4 250.0189
326 721 4 2 9.6157
326 531 9 3 57.5179
326 577 7 6 4359.0639
326 710 10 5 1412.722
327 444 8 4 209.7394
327 769 10 2 21.8233
327 807 6 7 19588.975
328 676 3 9 7023129.7909
328 699 1 4 29.4093
329 854 8 9 1114725.5932
329 521 1 6 1123.3108
329 833 9 2 19.7461
329 907 3 10 4355586.6068
330 837 1 3 7.9224
331 779 1 8 48622.3076
331 897 9 3 55.699
332 513 1 5 130.3297
333 457 2 9 471845.2668
333 644 6 10 9440194.5071
333 385 6 3 39.6498
333 389 6 3 35.377
333 506 2 6 1431.9168
333 731 2 8 44113.2056
333 789 5 10 10519105.5916
333 869 9 4 225.3096
334 380 2 8 65506.5051
334 962 2 2 5.5888
334 256 9 8 422161.6047
335 489 9 5 1087.6106
336 392 8 1 9.5451
336 602 3 3 20.5446
337 577 7 2 15.237
337 633 9 4 205.7177
337 393 2 6 1419.3047
337 899 5 8 518192.1012
338 353 1 2 3.6627
338 769 6 4 151.5889
338 834 2 5 253.8431
338 805 10 8 222183.1316
340 381 2 1 3.5525
340 717 6 8 132703.795
340 904 4 5 579.9706
340 992 9 6 5927.649
341 705 8 1 9.5707
341 764 4 5 451.3849
341 514 5 7 19968.0354
341 884 9 8 398292.5947
342 577 4 4 113.2745
343 537 2 3 13.6292
345 677 7 2 15.1997
345 529 9 10 10588367.1397
345 542 7 10 6497150.4994
346 729 1 4 26.8942
346 993 1 4 25.5979
349 396 8 1 9.6044
350 943 4 4 116.2149
351 729 3 9 612147.6887
351 770 7 9 1131692.7972
353 410 9 3 55.7348
353 420 6 9 2255029.8125
353 515 6 10 9258136.9502
353 681 10 3 61.1452
353 795 6 4 159.8594
353 861 5 7 24318.1316
353 373 3 4 74.2195
353 969 6 3 38.5165
354 390 2 3 14.8567
354 685 2 10 1417796.8658
355 837 7 1 8.4538
355 970 3 6 2612.8851
355 561 2 1 3.5246
355 586 1 10 1298216.0357
355 710 9 10 12261862.1329
356 635 10 5 1627.447
357 801 5 8 206867.2112
357 831 4 8 194837.8873
358 434 9 6 5282.5598
358 642 5 9 2313751.256
358 691 7 3 42.7069
358 517 6 7 24459.5057
359 961 1 10 1577636.1842
359 1019 2 10 3170370.9893
361 515 7 4 163.3102
361 556 8 4 195.8582
361 733 8 10 7975814.7501
361 785 6 7 17357.2117
361 811 7 2 15.022
361 875 1 6 596.255
361 969 2 6 1459.294
364 425 3 2 7.5546
365 741 10 7 53889.6118
367 658 5 8 105959.4389
367 989 7 7 21368.2605
368 457 10 3 67.7718
369 739 6 4 137.0983
369 926 4 7 18455.3233
369 454 1 4 30.4755
370 641 6 8 324893.26
370 649 7 8 159413.6471
371 558 9 1 10.5312
371 573 3 2 7.6393
371 657 1 1 2.5926
371 705 2 3 13.4753
371 842 2 7 8683.2763
372 706 8 7 23793.034
372 773 5 1 6.5767
372 577 2 2 5.5524
372 1021 4 6 2123.141
375 618 4 10 5578027.5955
375 663 7 1 8.5796
377 457 3 7 24280.7795
382 532 7 2 15.5883
382 758 6 5 995.8892
383 563 10 4 235.3483
385 424 7 3 42.0625
385 458 9 9 2800685.4701
385 482 1 6 658.5734
385 532 3 7 14845.3469
385 572 1 2 3.6548
385 598 2 1 3.5427
385 693 4 2 9.6505
385 842 9 2 19.7656
385 963 5 8 200387.4007
385 656 3 2 7.6509
385 929 1 4 29.0154
386 514 2 5 256.2696
386 564 8 9 2466893.1787
386 517 2 10 1270663.9468
386 570 10 4 263.4197
386 597 4 2 9.5863
386 689 10 8 288805.9095
386 1021 6 5 646.1465
387 682 5 6 3668.9638
387 847 1 10 1133973.297
387 850 1 10 2736918.309
387 913 1 3 7.3242
387 747 1 9 641057.9337
388 546 8 4 208.3165
388 1017 6 9 1333897.0005
388 598 2 7 9270.7149
388 645 10 5 1083.0541
388 806 2 9 282545.6911
389 647 7 3 44.2685
389 837 10 8 323850.0545
389 913 7 2 15.3138
390 597 5 2 11.522
390 586 9 5 1327.8606
390 590 8 8 222158.6873
390 779 1 9 296116.8338
391 567 3 6 1652.6025
392 462 9 2 19.7931
392 801 3 1 4.5259
392 849 3 10 4803039.0096
392 1006 4 2 9.675
393 554 2 3 13.8388
393 675 6 7 22030.8957
393 825 2 4 53.1858
393 836 5 4 144.8505
393 895 1 7 12976.1263
394 462 5 3 30.2382
394 578 6 3 35.4081
394 608 5 9 1691739.5525
394 723 8 2 17.6934
395 591 3 6 1977.4222
395 811 4 1 5.5108
396 559 7 8 183696.3407
396 648 5 8 210506.7743
397 455 10 10 27323461.4627
397 537 4 3 24.0731
397 547 4 8 235592.851
397 778 6 3 38.1769
397 916 7 1 8.4678
397 961 5 6 2661.6158
398 519 1 9 256950.2974
398 694 3 10 27345487.946
399 944 8 3 46.5955
399 434 6 8 99930.3403
399 723 1 3 7.9693
400 828 3 10 14687164.4619
401 713 9 5 1160.6005
401 422 8 6 4814.252
401 558 5 5 641.527
401 320 10 10 31907020.5082
402 674 7 7 26973.4464
402 933 7 5 756.952
402 515 9 7 42119.7894
402 545 10 2 21.859
402 578 5 6 4222.2565
402 675 4 2 9.4225
403 770 2 9 820145.0028
406 409 10 9 2042916.279
406 783 3 4 74.8356
407 678 1 6 1003.9218
407 929 6 1 7.5419
407 529 7 9 3194899.3828
408 592 5 4 112.298
409 577 7 7 28471.5515
410 418 9 10 15950589.9527
410 889 8 5 877.9622
410 557 9 10 25109890.7773
411 521 2 3 14.3035
411 564 4 7 25364.5877
413 537 6 6 3715.6166
414 641 9 4 225.2788
415 933 6 7 32183.5286
417 532 8 8 248806.8773
417 833 10 5 881.7039
417 482 8 10 22943180.8809
417 545 10 7 60952.7929
417 811 2 5 240.3148
418 578 8 4 181.7094
419 556 1 8 50812.4802
419 628 4 6 2992.721
420 845 3 10 5547070.5388
421 425 1 4 23.8551
421 539 8 6 4258.0962
421 546 5 9 1193726.146
421 513 10 1 11.3959
421 903 4 9 1314881.792
422 641 2 4 46.4718
423 737 6 6 3701.6972
423 796 10 10 69284155.7772
424 652 8 1 9.5482
424 530 5 7 22851.2069
425 482 6 4 121.887
425 984 3 9 850224.9867
426 747 10 9 10978157.4893
426 777 10 6 7873.4881
426 470 4 5 465.1301
426 535 1 4 25.1717
427 645 2 10 4580652.1019
427 687 7 1 8.594
428 581 3 7 13855.3717
428 548 9 3 58.7968
428 833 6 9 1593989.1786
429 621 3 6 1419.7139
429 881 6 2 13.5714
430 545 8 1 9.5966
430 594 5 6 3795.3221
432 602 1 6 697.0546
432 916 9 1 10.2903
433 585 7 8 203553.9637
433 1015 10 8 220215.365
434 497 8 10 4343548.3144
434 800 2 4 46.8586
434 805 4 4 100.1071
436 762 7 8 194454.4747
437 598 4 2 9.3303
437 642 10 10 15390783.994
437 521 7 2 15.767
438 455 4 3 25.8322
439 513 7 4 154.5396
443 692 8 7 53200.3047
443 517 3 7 12697.3158
445 770 4 5 453.7644
445 802 9 4 219.2701
445 562 4 2 9.4831
446 1018 3 7 13942.1079
447 630 5 3 30.453
449 514 2 2 5.8466
449 656 8 3 52.4066
449 374 4 3 24.8359
451 451 9 10 21974823.7791
451 522 6 5 695.0768
451 617 5 9 1985755.3041
451 681 7 7 58552.7132
453 489 5 8 129810.2421
453 513 1 5 113.4457
453 514 9 4 240.8585
453 515 10 7 77274.9596
454 662 6 2 14.0208
454 513 4 9 4338669.2645
455 635 5 1 6.4965
455 783 9 5 965.7151
456 641 1 4 24.6503
457 775 3 6 3713.2646
457 909 10 3 65.9906
457 946 2 1 3.5358
458 907 9 3 57.7269
458 572 10 6 5770.1543
459 744 2 1 3.5485
461 463 1 7 4225.8193
461 567 2 1 3.5464
461 707 8 2 17.5271
462 626 3 2 7.7213
462 902 8 1 9.5612
463 517 2 7 9281.1975
463 642 6 8 135886.4184
464 917 3 2 7.6565
465 929 8 1 9.3924
465 669 4 9 1052385.6414
465 723 1 8 16280.4086
466 532 4 4 103.1322
466 762 9 4 192.8872
466 903 4 4 87.7492
467 441 4 2 9.4957
468 641 1 4 24.3478
471 714 2 10 16656200.2356
471 676 1 6 753.0526
473 802 1 4 27.9244
473 962 10 7 69336.5813
474 601 4 7 12073.6282
474 801 4 5 410.4638
477 776 8 4 198.1042
479 538 4 10 3530497.5843
479 460 9 8 275893.5657
481 666 9 1 10.4408
481 732 3 2 7.5974
481 929 2 9 314697.3956
481 603 2 9 235596.5889
481 807 6 5 745.5637
482 541 7 10 13581750.8291
482 962 5 4 146.5111
483 513 8 3 49.742
484 556 5 6 2848.2499
484 985 10 2 21.7049
484 812 8 9 2044855.1273
485 842 1 6 571.6266
486 837 8 5 970.1384
489 566 6 7 32047.0243
495 753 8 2 17.8041
497 979 1 1 2.5825
497 782 9 5 976.1894
497 312 9 4 224.7453
499 794 9 9 2439480.2521
502 520 3 7 12275.4512
503 769 1 10 3255622.4369
507 707 4 7 35381.1429
507 752 7 5 1014.0497
507 768 8 1 9.4656
508 581 6 8 72761.3534
513 515 6 9 1997594.4086
513 523 8 2 17.4263
513 686 7 10 183597778.5846
513 937 3 4 73.8741
513 529 7 10 13028672.8644
513 549 8 7 37996.1967
513 558 3 9 598136.5966
513 643 4 10 1854395.8495
513 649 8 8 166864.3146
513 720 4 5 509.3742
513 804 4 2 9.5595
513 941 10 2 21.2987
514 549 3 10 66749017.1458
514 641 5 1 6.3892
514 645 2 1 3.5357
514 766 7 6 6000.4552
515 523 1 9 1122651.3796
515 573 2 5 233.2757
515 781 7 6 5578.7698
515 673 10 7 48710.5212
515 705 4 8 134222.7749
515 785 3 8 118836.5958
516 599 6 2 13.2259
516 671 2 5 262.5997
516 771 10 7 88821.0275
517 556 10 5 1116.0587
517 583 10 6 5223.4317
517 606 7 9 2127614.5208
517 780 5 3 33.8516
517 786 9 3 57.0144
517 864 10 7 38251.3611
517 929 4 8 375211.3556
518 526 5 6 2666.5776
518 535 5 1 6.4915
518 673 9 2 19.4089
518 677 2 7 18905.7782
518 769 4 4 106.3007
518 519 9 3 55.7821
518 520 4 1 5.529
518 530 3 10 5709368.9941
518 696 6 7 21845.6604
519 833 4 9 722379.8888
519 929 9 9 1083052.7111
520 945 9 6 5696.3811
520 968 5 1 6.5225
520 848 1 2 3.6657
521 786 9 2 19.4677
521 813 10 7 27993.9142
521 897 3 2 7.5562
521 525 10 9 1513154.5905
521 530 5 1 6.4863
521 546 3 3 19.6201
521 591 2 3 13.3399
521 767 7 10 115960779.4523
522 547 7 5 902.6976
522 555 3 5 333.0295
522 561 7 4 192.392
522 610 3 7 14557.0927
522 562 5 5 666.5998
522 787 4 2 9.7315
523 550 1 6 737.0986
523 653 2 1 3.517
523 531 2 1 3.5133
523 570 1 4 26.3879
523 609 3 5 348.7554
523 694 8 5 1265.7148
523 749 5 6 3538.7776
524 651 9 6 6816.2164
524 815 6 7 29130.1089
524 898 8 6 4385.4775
524 893 8 10 20207315.9761
526 821 6 5 708.5601
526 577 3 1 4.5158
526 641 4 2 9.7905
527 549 2 1 3.5246
527 777 10 10 18096734.5324
527 610 6 5 736.5933
527 809 2 10 2431033.0714
528 714 5 6 2820.505
529 581 9 9 3522562.646
529 583 5 4 112.1302
529 612 9 8 317982.4625
529 721 5 5 863.6554
529 802 1 9 624048.4561
529 593 5 7 22409.6456
529 627 5 2 11.4513
529 630 8 1 9.4355
530 738 7 2 15.8195
530 837 10 7 53204.9294
531 697 6 3 36.4938
531 550 6 9 808008.3337
531 587 6 9 3962951.3514
531 626 7 6 3246.1456
533 551 3 2 7.4963
533 854 9 4 223.067
534 788 6 7 57586.1681
534 575 3 5 386.8467
535 787 9 1 10.4556
535 929 6 10 13949018.9114
535 933 10 3 57.7592
535 613 2 2 5.6211
537 688 2 4 47.8009
537 903 6 9 857985.9213
537 545 8 1 9.4486
537 747 7 9 821530.0177
537 478 10 7 43327.3969
538 900 3 6 2222.7749
539 821 8 3 48.428
539 820 10 6 7995.0933
540 665 8 8 265661.6575
540 778 1 9 195911.4556
540 366 5 7 36528.2967
541 681 10 5 1230.226
541 793 7 7 35350.1324
541 906 2 1 3.5279
542 794 3 1 4.528
543 545 5 10 22714531.0695
545 552 2 9 1174755.3334
545 598 2 2 5.5666
545 719 3 10 8942699.435
546 744 6 7 27495.4419
546 915 3 3 18.3869
546 841 1 9 1008978.8977
547 613 5 2 11.907
547 651 8 7 25201.9515
547 759 6 4 134.1274
547 901 10 9 2649619.4389
547 636 5 9 2033984.5713
547 318 9 3 55.6904
548 578 4 2 9.9329
548 577 1 5 123.3269
548 931 6 2 13.501
549 578 6 8 166314.8288
549 587 2 1 3.5252
549 646 2 2 5.4676
549 833 6 8 143374.9493
550 648 6 2 13.4152
550 785 2 6 1289.443
550 978 6 4 139.4331
551 650 2 4 45.8817
551 801 6 10 6944504.4006
553 641 1 3 7.3184
553 657 10 10 29961613.5617
553 933 3 8 77234.7117
553 781 6 5 682.6719
553 905 3 3 19.2836
553 939 5 1 6.5253
554 934 8 4 187.8602
555 579 8 5 1023.7011
555 778 5 2 11.3649
556 967 3 10 4770128.2099
557 680 1 7 4330.108
558 558 5 1 6.6118
558 771 3 5 335.7263
558 939 4 5 464.8526
558 560 3 5 412.4464
558 596 9 2 20.6076
561 918 6 3 38.1945
562 787 9 2 20.1409
562 994 4 8 75571.4565
562 846 6 4 143.12
563 978 6 10 8843342.0066
563 993 10 5 1258.9634
563 601 9 3 56.8893
563 643 8 2 16.5867
565 657 7 8 127922.0939
565 660 5 5 618.409
566 655 9 8 499822.5936
567 593 10 4 244.6881
567 972 1 6 491.7741
568 794 9 7 26954.9041
569 948 2 1 3.565
570 600 2 5 212.2503
570 785 1 6 704.3914
573 778 8 5 1063.6717
573 579 7 7 17720.2967
573 906 8 2 17.9725
574 798 5 1 6.5692
574 887 1 6 531.4172
574 601 3 2 7.5405
575 697 1 5 127.1793
576 579 10 10 10927273.408
576 601 8 6 6226.6847
577 608 7 7 26876.6357
577 609 6 1 7.5202
577 787 6 9 2621954.0176
578 578 10 3 64.7617
578 662 4 6 2592.1463
578 998 4 6 1913.3421
579 730 1 5 133.8211
579 982 7 4 181.9009
580 622 2 9 405118.2998
580 790 4 7 15565.0295
580 625 6 7 27506.7677
581 599 5 10 6447722.165
582 646 5 7 39783.3697
583 634 3 9 453939.0934
584 836 3 3 19.2707
585 834 10 10 16641039.2721
585 641 4 1 5.4927
585 722 8 6 11071.9033
585 845 1 5 140.0279
586 593 2 10 11982889.4671
586 696 6 3 37.4428
587 659 5 3 30.8507
587 777 5 4 109.5255
588 609 5 7 38423.4982
588 668 8 6 7058.5352
589 785 9 5 1036.2394
591 789 10 9 1651826.4855
592 883 3 5 380.7533
593 857 1 7 6845.0691
593 802 3 10 2921192.3835
593 829 7 10 7993424.1625
594 687 5 5 573.1427
594 714 5 4 121.0392
595 653 3 2 7.5806
595 793 3 3 18.7504
597 706 3 3 20.082
597 725 10 5 1482.8464
602 886 8 6 5344.7091
602 544 8 1 9.5419
605 914 9 7 46401.491
605 1007 7 7 20577.4504
605 785 3 4 67.8869
605 797 3 1 4.5483
607 808 3 4 70.8594
609 649 9 1 10.6506
609 627 5 1 6.4713
609 662 5 8 99517.6995
609 673 2 2 5.5703
609 769 8 2 17.8701
609 778 7 6 5450.9119
610 769 4 3 27.6107
610 825 3 1 4.5305
611 738 9 1 10.514
612 881 6 3 37.8555
614 841 2 9 566498.5073
615 937 9 4 226.8722
615 911 6 3 38.4429
617 807 7 10 14478389.2557
618 909 4 7 23348.687
619 1005 9 3 53.1767
624 1001 10 8 201518.968
625 846 2 3 13.2896
625 472 4 1 5.5929
628 770 4 6 2769.3324
628 978 10 3 66.1072
629 794 9 10 13806615.3784
634 813 8 5 946.5609
635 785 1 2 3.6793
641 660 8 4 199.2134
641 733 9 7 41121.0301
641 939 5 6 3456.2495
641 953 10 6 9711.3984
641 659 6 1 7.6156
641 770 9 10 9238546.55
642 678 3 1 4.5005
642 778 7 7 24046.0544
643 725 8 5 891.6935
643 802 5 1 6.5071
644 776 9 7 62240.1416
644 1022 9 10 84177489.8448
645 661 7 5 872.9964
645 757 1 9 177409.6994
645 770 2 5 233.9222
645 710 5 1 6.5719
646 964 7 9 2737284.1575
649 695 4 2 9.3436
649 770 7 7 86222.8297
649 661 4 8 81216.133
650 717 2 3 14.2591
651 954 2 8 48014.2556
651 488 2 2 5.769
653 1003 7 5 1382.7569
656 762 7 6 4358.9703
656 995 3 1 4.5019
657 834 10 4 235.2175
657 674 5 5 617.5291
658 932 6 7 24255.121
658 934 2 9 353987.7161
661 803 3 1 4.5506
661 452 8 5 850.618
662 796 8 5 973.7114
663 956 1 7 4388.614
664 771 4 5 456.7722
665 782 1 1 2.5844
667 769 4 10 19132574.3417
669 750 9 10 17763156.2748
669 764 9 2 20.1905
670 915 8 8 245029.5667
673 718 4 6 2740.9468
673 675 4 2 9.5151
674 705 6 4 144.1559
682 855 3 5 353.822
685 1009 4 8 92617.0198
685 1004 8 5 945.1189
693 915 9 8 219742.7072
695 769 7 4 188.4301
695 932 1 6 750.5479
695 977 7 3 39.491
697 886 10 4 230.9646
698 711 8 5 810.2387
698 777 7 6 4889.2769
700 899 1 1 2.5686
700 1016 1 1 2.6017
701 865 5 2 11.8207
702 942 10 10 9241237.199
706 855 2 4 52.9564
707 733 5 4 123.1825
708 779 4 4 100.5994
708 781 7 10 11915222.2111
710 844 9 7 53384.6132
713 863 5 3 29.7928
713 729 1 10 3111181.4332
714 838 1 2 3.6764
717 843 1 7 3193.7381
717 973 4 1 5.447
721 804 2 9 487469.7877
721 931 8 10 5611066.0894
729 512 2 9 620500.9598
730 975 9 10 21910060.6834
731 127 7 6 5110.5689
733 835 6 7 40240.3103
737 769 4 3 24.7245
737 900 4 1 5.4496
739 971 1 8 22994.2654
739 769 3 5 335.4463
741 779 6 10 23812550.4766
741 802 4 1 5.4812
741 1011 5 8 258885.4531
742 623 7 3 45.6656
743 917 3 4 68.5567
744 788 7 8 199774.8443
745 763 5 9 2035608.7604
753 787 1 1 2.5871
753 896 5 9 811100.5955
757 945 3 6 1255.6612
769 927 7 1 8.5736
770 774 5 10 113425600.7886
770 803 3 6 1934.2615
770 970 9 9 1744126.3148
772 794 1 2 3.6516
772 801 9 10 12623630.3945
772 942 7 8 164210.8507
773 987 8 1 9.4687
775 937 3 10 3763156.9738
776 922 9 6 5696.0256
777 799 6 6 4102.5534
777 851 3 6 2240.648
777 915 10 6 6356.5751
778 809 7 9 2172670.9754
778 917 1 1 2.5906
778 360 7 1 8.6154
779 813 4 8 93734.875
779 883 9 10 13011708.947
780 805 2 5 240.1046
780 977 3 8 57721.7153
781 902 5 9 1143420.6456
782 806 4 2 9.9307
784 933 4 8 69631.4695
784 891 10 2 22.2493
785 842 7 1 8.503
785 818 7 2 15.443
785 923 9 9 3668671.6598
786 839 3 6 2127.7704
786 511 7 10 21550293.869
787 915 7 9 1379370.594
787 865 5 10 18884518.0118
791 504 4 10 14470033.5722
791 951 6 7 34153.4215
793 850 1 7 5259.8286
794 894 6 1 7.3553
795 751 8 9 3230524.3157
801 825 6 7 26225.245
801 841 1 6 689.4583
803 885 4 4 90.7219
806 192 2 3 14.1155
809 938 4 9 474063.7746
809 946 7 8 141451.8123
815 906 5 4 121.0627
817 735 6 1 7.5691
818 979 3 7 11564.3466
819 952 7 9 1043588.2708
825 979 7 6 5216.1611
825 853 9 5 862.0264
834 1000 2 6 1382.0835
835 913 7 2 15.8804
837 997 8 2 17.2451
844 940 3 6 2699.334
845 959 1 2 3.6727
845 892 6 3 37.6641
847 957 6 4 138.9479
849 900 10 5 1275.3417
849 1008 7 8 354896.3414
850 1019 10 9 2527264.9419
850 475 6 6 3274.5858
857 867 10 4 218.2619
868 999 5 6 2440.9836
869 897 6 5 722.1424
873 704 7 10 15396864.3176
881 862 4 3 24.4918
885 640 9 8 279013.4282
889 905 5 10 3706547.1151
889 384 10 2 21.2546
897 912 5 4 107.2662
898 1003 7 4 175.2374
898 960 5 8 100419.0733
900 509 4 9 2389548.6909
905 930 7 4 145.4358
906 954 5 7 16260.8217
907 756 9 8 281925.2576
912 222 2 2 5.698
913 918 1 8 139994.2055
913 1003 1 8 30357.0928
914 830 10 3 64.3939
915 969 5 2 11.6249
920 748 4 4 108.8471
933 950 6 4 150.5591
938 966 2 2 5.5738
961 715 1 4 26.7685
963 988 6 2 13.1427
964 880 9 10 63107224.0687
979 882 1 10 7576901.3719
1003 734 5 8 175750.2663
1012 224 5 9 35351701.3952
1019 1020 1 6 569.5566
928 191 9 1 10.249
476 344 6 5 689.1942
735 435 9 2 19.3467
896 604 7 10 14653586.0741
