1 2 9538 6693 8585.122535463142
1 652 2589 395 2568.1136254560433
2 3 6202 144 9703.685809361852
2 4 7400 5164 8157.1589624950675
2 6 623 299 1154.4178369932033
3 626 1487 538 672.8658426517254
4 5 7584 65 11512.594633162867
4 619 3491 1593 3153.3443875957214
4 568 3106 3013 2782.1880105212567
5 6 2643 1127 1525.9155865579512
5 615 4739 2484 4003.0790879214833
5 616 5847 3396 4468.326917152937
6 620 9080 599 9080.798007128444
6 648 7728 762 7738.439786819434
7 8 5844 4107 3456.8461674741834
7 561 5772 5221 7810.899726113923
8 9 6727 5132 6842.333396551951
9 39 9285 4739 14390.578571390026
10 11 5406 1086 5333.441724811117
10 12 1033 368 831.9227088438563
10 15 75 34 28.70521577232578
10 187 1960 1171 2239.5016231104037
11 13 5270 1071 5279.440364313492
11 14 4508 2940 4231.608021223274
11 185 4275 2602 6182.866811579533
12 13 69 69 91.83900701707788
12 146 2856 2149 4400.447294466662
12 144 617 484 471.1682414457992
13 145 6998 4176 4393.564150782966
13 181 8790 399 15116.0258618459
14 675 3049 340 3071.2942447334017
14 681 6115 1505 8012.085067151049
15 675 9612 2478 14167.93740018348
16 17 9633 4583 10565.623803094997
16 18 7342 280 9397.218092551435
17 20 665 466 867.2901142692361
17 38 9977 8877 11812.741174536324
17 58 7902 6391 2637.71440188799
18 36 4749 4258 2789.749392117789
18 42 9897 4577 8226.231081186683
19 20 7383 1082 7399.221221827858
19 52 4222 2900 3814.085452663827
20 58 2257 924 3786.421903328563
20 59 200 138 289.7612692742266
21 22 4047 1005 4086.8276866827146
21 23 7069 3646 8999.48518869225
21 845 5501 374 318.1568454278767
21 847 9051 2089 9779.850511122859
22 24 6748 175 4765.301433734242
22 913 5200 4921 5446.819078602854
23 24 5197 169 5192.336854935451
25 26 7627 5129 10239.363222415011
25 159 5366 2452 7757.891747067853
26 27 8494 5124 15208.189233713012
26 28 7840 320 7837.605447520173
27 176 8839 4009 4499.199592267649
28 29 7496 191 7497.379498851296
28 153 7996 6292 6398.213046854445
28 158 17 8 18.37977878463238
29 172 4820 2418 6330.522148754631
30 31 5332 3852 4748.050145912215
31 35 4292 2579 5179.343275146288
32 33 4577 1069 38.14847321587202
33 34 1609 960 565.3257282038533
33 37 9775 8791 11227.6840325644
34 35 2113 1645 2547.160402919367
35 36 3197 3119 2818.8149070465247
35 47 1614 947 1540.0691167726022
37 45 5728 4358 5436.985616116455
38 39 4738 370 4832.3477016587585
40 41 5928 4359 5383.918592696323
41 42 6044 4397 3074.929443471374
43 44 4865 2460 6524.876586783121
43 592 1787 1268 1252.8739918725767
44 58 1 1 1.1481588615163099
45 46 1058 839 304.1224282312938
46 47 9353 6247 5078.64365353855
47 50 2194 1955 2579.802931665516
47 52 2816 1723 3512.934800621143
48 49 5535 2905 1196.1566385814303
48 51 1638 189 1572.5787336686353
49 50 5292 3275 8864.192843285988
49 65 1766 1306 3180.037809611026
49 91 7240 803 7231.963933827661
50 68 5769 1254 3450.6187734172745
53 54 9412 7133 7430.0941339171495
53 55 6565 5576 6346.57903666029
53 126 1844 1737 2906.366914945604
54 57 6424 4702 3737.4714793555395
54 127 6836 2883 6341.58338120764
54 129 2224 1434 231.24471419953989
55 56 6772 1681 9719.66942709871
55 106 475 197 464.05166759539566
56 57 5739 4010 5229.568719629593
56 111 7169 1186 1948.8124866166424
57 100 4300 2175 4354.068752742524
57 119 7722 2648 9222.772910781365
59 60 1799 397 3227.9623491253656
59 67 8927 7782 10287.923396944594
60 599 1455 390 1589.8393881749223
61 62 9344 5690 9666.66157242242
61 65 5756 1633 6540.657577548212
61 89 938 136 923.0209840441967
62 63 845 277 759.6612512215269
62 80 5979 3446 5154.687530687032
63 64 4898 1530 6126.919487720096
63 67 8991 6852 16466.671671709195
64 65 6524 3271 8322.03721271919
64 66 3722 2410 1932.8140828985352
65 68 5200 1752 7602.554029292432
66 67 6391 3554 8505.326999691686
66 68 4989 2084 5265.397464924502
69 70 4018 1699 4154.909082198868
69 71 9605 2175 9812.037925460008
69 75 9460 6588 14294.46122802399
70 86 8309 2873 6670.930979328809
70 149 1203 786 1419.6216315221607
71 72 5761 5 7447.993716225843
71 74 4010 1838 1087.7870728503176
72 73 8559 4547 11228.743555266188
75 76 9555 4426 9256.513862519583
76 77 6632 5252 5039.898149073453
76 627 9838 630 3902.906467655015
77 78 4925 4224 6031.84448873823
78 79 2421 1153 3012.3593665642065
78 627 3575 1697 4261.633210807024
79 630 2041 120 1559.2928099620042
80 81 8774 285 10229.703740648434
80 82 7315 1304 7819.673945363757
82 89 491 86 319.6151712126537
82 134 7934 3982 10895.078692131985
83 84 9499 3836 9317.47173429629
83 134 3610 2860 1182.6195582108624
84 85 3384 1553 1040.5169099772136
84 133 5849 4610 7555.823181286374
85 86 788 267 1533.1603675076433
85 113 7428 4600 10197.257913542766
85 135 7934 3949 7911.015638392326
85 146 4043 1266 4551.698570949821
87 88 1381 152 1544.6138813493892
88 603 8028 1277 7374.172477841657
89 90 1299 409 1398.3658149918783
90 92 8523 1905 8398.459784959381
90 133 3712 1166 5523.255463094044
90 134 329 179 251.09842495361568
91 92 5975 4771 4757.749110258368
92 115 1059 552 310.6339639947855
93 94 3496 1924 5364.582501959816
94 95 6156 5741 2815.332256169296
94 156 6702 3339 6091.417803563087
94 168 6240 3905 6885.945002760691
95 96 3219 1346 3166.6254501562203
96 97 8873 8376 7174.7962578156385
96 151 4274 1718 4839.092889553624
97 98 2495 43 3025.2444764320007
97 124 7524 5205 10083.688287921563
97 150 3757 445 3663.3661408306307
99 100 6549 2663 6026.103655093104
99 101 7490 7004 1285.1418604362625
99 111 5693 5616 8443.576675203358
100 102 8793 3629 8607.200645569625
100 104 7757 7181 12623.391602805053
103 104 5555 3921 3578.7825206196794
104 119 7870 1092 4799.7013154261185
104 121 1464 40 146.9158907750804
105 106 3322 991 3482.0707553972534
105 107 4634 1125 6494.244705716146
105 109 7718 7301 1764.9457650997845
105 118 1741 1567 1410.4736743943463
106 108 7956 3167 8157.759923448594
106 110 5551 5063 4332.227864410096
107 108 2131 619 1657.3685701892955
108 111 4833 4100 95.33589790980353
109 110 3829 1987 1654.700952841904
109 112 2925 2679 2307.6945352190032
109 114 9574 1257 7895.671542431384
110 126 1918 1820 740.0403807431525
110 140 2866 1870 2882.905452752236
112 113 7226 6304 11789.84762116477
112 135 4263 881 4371.899525634199
112 140 5270 1020 5266.732601711615
113 114 6297 1736 9011.318136018524
113 133 8351 2608 11619.578652400296
114 115 4655 3627 6987.76409502248
114 118 8164 1627 8037.224137720946
115 116 4781 2431 6676.938770589274
115 133 5048 4261 1826.8724156138646
116 117 5915 5790 4794.877510818772
117 118 2379 2318 2820.1736703522047
119 122 9293 8176 9967.447817795804
119 127 4692 2639 5935.185830772191
120 121 1546 1345 2539.154420242457
121 122 7571 945 2226.46032831281
121 124 5098 730 5103.06460796687
122 125 7158 485 7701.493181433461
122 128 6481 2066 7979.583606272154
123 124 4932 2289 4988.415166244061
124 125 1338 918 1861.3338800834626
125 150 9666 8588 7101.709091582746
125 154 4758 4473 6014.435075723988
126 131 9978 3707 16395.594667877267
127 128 4841 139 3000.508750168672
127 130 9732 391 9731.430297651708
128 132 5055 3542 6930.913684927726
128 154 6620 2841 6650.225576754195
129 130 7104 2554 12169.87009268457
129 131 6734 4491 5896.762763707373
129 144 4430 3374 2706.171359934545
130 132 3520 489 3781.308278139913
130 145 5005 1293 5763.549166865137
131 141 7994 4846 8741.270841537553
132 157 2001 797 3457.3088469801814
132 180 2575 495 3809.3728331767024
135 142 1120 313 1343.6240151494935
136 137 3807 3767 6099.221052975973
136 138 7323 6622 13612.242514608246
136 678 8339 4564 11806.22090902048
136 690 3619 1604 3826.982012636538
137 139 177 164 295.68565326684325
137 689 1803 49 1803.312504143013
137 691 7385 2161 8027.933847283709
138 684 5707 3917 10230.051413487903
139 685 2741 2285 4183.966907122028
140 141 3218 3179 2811.5360217291163
140 142 7643 4552 5728.0261844222905
141 143 5676 3179 7356.684318211817
141 144 9594 8072 6353.276369708263
142 143 5499 220 2462.2489896481748
143 146 1971 338 1980.4205569030798
144 145 8650 4278 4471.488375331502
145 180 1803 1133 1621.5871099867943
146 148 1981 1319 1995.4764036307233
147 148 9965 2573 4340.436976565674
147 149 6155 1193 5364.480477744117
147 633 7145 7124 6262.068044001743
148 187 5232 4474 5206.8693372786865
149 628 6331 3709 4037.490874537082
150 151 263 13 219.34633243325254
150 152 2357 1784 2189.2254927366994
151 153 3674 1548 2978.1793808577186
152 153 3561 2002 2062.041096813886
152 154 9516 4053 16328.941494196028
152 158 8815 158 7219.708067396173
153 155 1416 1337 916.8970216683916
154 157 7337 4897 11560.701117701354
155 156 5842 1624 6325.075398794314
156 167 2312 943 671.1126994453224
157 158 730 338 1238.5413137570356
157 161 6274 2805 7010.56752207323
158 160 1978 1187 3205.689946538231
159 160 3740 2964 2717.2398513255976
159 190 8531 5727 7408.101937220187
160 161 1267 479 1293.6257761853917
160 184 8001 4497 7412.773070990908
161 180 8673 6952 4208.378257753434
161 182 6374 6018 9594.248940028607
162 163 4248 1287 2068.463664787713
163 164 241 130 253.1391352027316
163 171 8537 3433 11004.442031127175
164 165 6557 5468 4748.7577055026895
164 169 4606 3887 4079.0535627641366
165 166 4559 1828 7201.846065776533
165 168 2577 1780 2039.5953373112638
167 168 6502 3391 5444.227918889048
167 169 5019 2016 7994.049837653329
167 172 5603 2762 6836.044074064562
169 173 7247 83 8759.929639613563
169 174 2192 257 3453.4077576586214
170 171 3084 1496 3880.890533320504
171 225 6737 2966 12502.336289491159
172 173 107 12 106.59926205331902
173 175 5550 2209 7068.651549244225
173 178 6797 4351 9824.907467501569
174 177 7240 4297 1966.0382730915253
174 191 9870 7926 4551.139512998533
175 176 8119 7599 6804.130929583644
176 179 6377 351 6376.062643098395
176 200 324 47 374.9058919227803
177 178 8992 7634 5337.1611068575085
177 192 4845 15 4845.020298469627
178 179 2919 761 3381.7542185961233
179 193 7414 5199 4266.558892548824
179 199 9442 3535 12121.899055352798
180 181 1830 1236 2596.060676450003
181 182 5545 304 5558.527721359535
181 185 3833 1145 3950.3846305453076
182 183 1969 1120 2161.3826726391503
182 189 720 701 514.0218368158082
183 184 1623 773 1484.2574303953882
183 201 1494 153 1562.0053077780146
184 190 4267 4167 3407.657940031573
185 186 9430 9409 7057.935709137411
185 188 1415 736 1951.5611119279783
186 678 2364 1629 2153.6291932608387
187 673 647 9 646.9932899905461
188 189 4599 657 7748.723682500973
189 202 2224 148 1844.9051431511787
189 684 7364 2308 10763.721173215741
190 203 103 21 102.7796168947407
190 204 7093 1503 7670.148144187186
191 192 9429 9146 7393.90607945558
191 197 9220 2520 7822.403147719807
192 193 5407 3744 5431.418830261558
192 196 4065 1678 1486.4575043949383
193 194 8077 5616 297.60766853880267
194 195 1280 183 1279.931810864225
194 198 8472 5408 10163.84927674588
195 196 2691 2256 3635.760045497731
195 235 3261 1925 2084.437144098946
196 197 1996 1171 2749.879198854242
196 233 2466 277 1659.170220827135
197 226 9091 2433 9275.281466965753
197 231 9690 121 9690.871918299525
198 199 6578 4563 7170.228311867567
198 205 5557 855 5559.9311577237395
198 270 2351 575 915.170305545759
199 200 1330 273 1188.6350740763523
199 208 5026 4603 1737.1334954059869
200 204 6762 779 9421.713341042852
200 209 3936 2834 7253.417976365507
201 202 5987 2564 6387.412904792682
202 203 918 896 935.6334822394688
202 685 521 135 457.725125577413
203 210 4283 941 4289.454457476225
203 686 358 147 419.7461520243488
205 206 6524 1545 6513.023622539601
205 271 2375 858 4246.659585201864
206 207 7609 1695 4974.785301740098
206 274 920 837 1383.633644272703
207 208 9291 3379 6531.597727915076
207 211 3331 460 2995.298698385761
208 209 5783 3175 886.7028321455803
209 210 5811 158 5812.889190427751
209 211 3847 153 5303.201013377061
211 938 8681 6461 3425.4401605717258
212 213 5762 883 6350.77778913899
213 214 9459 312 7708.012238563071
214 215 4515 868 5819.406633176145
214 382 5733 2400 5156.637661411263
215 216 8521 3994 9125.982657452818
215 377 3427 1915 5763.777583054993
216 217 6421 3209 4060.351088923315
216 318 9664 9335 9604.309329731785
218 219 4088 3422 6258.970454639196
218 317 9330 786 11671.021743778872
219 220 1502 902 913.1660354375728
219 302 3820 3808 6306.664057959937
219 307 2829 6 2371.7386717121108
220 221 3380 1253 6285.253835827207
221 222 2602 1585 707.4353643334628
221 253 6074 51 6794.8987781631795
221 301 4619 2043 4323.430811426744
222 223 1585 675 1564.6809027519218
222 244 6181 4999 2980.881414891133
222 249 6159 1055 6584.914737067513
224 225 4019 3517 1842.019288645319
225 228 9664 3231 9507.563344268348
225 226 2051 1973 528.2707890904958
227 228 1617 1566 3118.221848691173
228 230 9086 8938 1346.2408163328976
228 231 691 535 332.68249438232016
229 230 8283 3160 5743.876029276544
230 232 6720 3283 7785.635293281186
230 239 2530 1852 4275.986603237326
231 232 8990 5381 12233.26738088862
231 233 1473 1197 1463.2291966527484
232 234 2629 1059 3421.0366259116204
232 237 1978 190 1465.1007842859804
233 234 7381 4598 8642.541474522575
233 236 8362 676 8368.793868458375
234 238 8793 7949 3031.4624354377247
234 240 3949 828 3304.2876568809547
235 236 1397 1141 464.37387168070944
235 270 1028 784 1705.362507403809
236 240 3705 2137 3467.9429674015173
237 238 9888 7735 8003.862436596039
237 239 427 257 310.4626579457092
237 246 1365 941 1304.3971596232557
238 255 7571 5049 11184.120503332066
238 257 2883 2374 2629.2476508813465
239 241 3017 1804 2891.908908877031
239 245 579 121 446.9405939414987
240 256 8029 7808 8123.780160675153
240 271 8251 339 8244.148903765208
241 242 3430 3036 392.30215256936776
241 243 8560 2046 15327.79982032751
242 244 674 46 808.3528431518123
244 247 1836 812 2068.4604530544902
245 247 7629 7504 6406.336326960237
246 248 3145 961 3425.909111869988
247 248 3403 3381 5216.649380543949
247 250 6111 5044 9073.862001343348
248 252 3995 2411 3076.2424962190094
248 259 6518 2644 5136.582277370455
249 250 4073 3719 249.79495648969194
249 254 4534 1802 2556.088307958673
250 251 1192 877 1605.7338892209154
250 254 7160 1752 3450.7303623416083
251 252 9955 5564 13808.60335562198
251 263 5298 3357 7353.014271386582
252 260 9159 583 8565.524712274702
252 263 6793 4318 6750.798456747654
253 254 4370 1974 4624.942090619029
253 296 9834 3762 9400.049960094151
253 297 8994 1270 9347.481788557898
254 262 8281 3833 9301.741980346844
255 259 450 257 519.7315527286689
256 257 8584 7022 2781.9121151258187
256 272 3537 1587 3991.758615703114
257 258 5567 5455 3927.472118375412
258 264 9251 7848 11667.416879551332
259 261 6370 4795 10327.996837262548
259 264 258 155 408.93915939809585
260 261 3080 222 3082.0134156309373
260 265 5404 4457 3992.305972300431
261 266 6840 1144 7029.47300149407
261 268 4219 1401 3912.473242864453
262 263 2124 649 2142.1456535401317
262 265 5575 2229 8066.618097601071
262 296 3677 2262 3781.5183126690745
262 310 6308 323 6303.979039639175
263 265 2607 331 4829.960219565894
264 267 7853 3981 8376.318076880105
264 275 7635 1317 7655.89285653892
265 269 1160 109 1160.4016048350418
266 267 7639 4092 8165.127098366812
266 277 3272 2036 5134.8380631828995
267 276 2307 1748 2166.659333935548
267 278 8899 2047 10424.989710445692
268 269 226 71 220.8138532612805
268 277 9011 5900 10835.397111151993
269 310 2628 1662 1863.0448728512038
269 280 8220 2376 8474.821212695131
270 271 7512 522 7563.389572293304
271 272 3075 508 1630.6839335823624
272 273 5834 2039 5972.547148759584
272 275 9733 7733 3227.6043607907527
273 274 8885 2088 8050.240165544474
273 287 6018 3363 6069.635503566604
274 290 7544 1810 7219.478411874433
274 292 1756 1150 1338.5474404638214
275 276 708 313 620.3975260662352
275 286 7247 7174 3841.8948986345827
276 281 2033 506 1787.6841994070567
276 284 8901 2042 11036.900203790705
277 280 9254 3902 16892.8584643371
278 279 4314 1995 3606.5685256520414
278 281 5782 5501 3900.6462081689
278 338 8868 4192 11804.864753017777
279 280 5282 1534 3803.2553019050993
279 331 1015 432 424.0548128554685
279 340 8956 8641 15518.64954519537
280 316 2783 1247 1651.3601727949958
281 282 7061 2860 6285.204175586242
282 283 9426 2105 8298.280843272996
282 337 860 486 719.3051434249037
283 284 6386 4294 3349.434316256632
283 348 3286 1248 4345.147147303985
283 355 4650 2054 5524.630128050043
284 285 6141 3974 6486.554093494684
284 356 2547 2403 2581.84733347704
285 286 3431 394 5612.635620586331
285 293 4422 1210 4213.202308511977
286 287 4490 230 4474.305047312695
287 288 8705 491 8710.736874784858
288 289 5664 4370 8301.069396139206
288 293 8952 6670 6246.302016622545
289 290 7793 7392 6958.192307241226
289 359 7131 3527 6809.893978000537
290 291 194 76 206.950836756553
290 358 2237 652 2240.665133066662
291 943 3049 1505 3095.706778490876
292 708 2523 495 2423.7036584245184
293 359 9718 5492 12774.432674756203
294 295 3314 2358 2837.675764576762
294 297 7369 5724 9230.097782154646
294 298 1894 285 1967.3618231400735
295 296 5807 927 720.2891448213205
295 309 7339 395 7341.04305576694
295 311 4694 3692 1718.8006754776113
297 303 4544 430 6735.0454205102
298 299 4991 3100 8442.323445236714
298 300 8154 4526 15832.84569556948
298 303 4472 2864 6074.279045128402
299 302 8318 475 7966.041302738823
299 306 4927 2840 6496.0077830171695
299 308 3208 2760 5390.069411820541
300 301 6273 3279 1149.826285236271
300 303 4667 615 4570.207194584603
301 302 4528 3030 7519.890312850255
304 305 8128 1214 4620.396974883772
304 307 6066 5827 4820.107034755012
304 326 1562 661 1961.0370379367553
305 306 8343 5488 10863.122738362357
305 324 7440 6673 6201.824886696638
306 322 210 83 281.28108512018025
307 317 778 766 475.4427491997726
308 309 7218 2854 9042.61130985149
308 323 1502 1231 889.8650679459322
309 312 3031 1411 5269.795462949068
310 311 6726 5222 5129.449656619957
310 316 7612 3729 7284.896588693408
311 312 7942 6717 7568.68114275232
312 313 33 12 59.292724950158075
313 314 5778 2082 5847.637888986136
313 323 4723 731 4883.1278041462265
314 315 7733 2629 9696.063546613927
314 328 530 83 506.40102487986496
314 333 9570 8504 8211.157556138438
315 316 6249 5950 3065.93625059634
315 332 1268 1095 576.3873342436945
316 331 8354 5136 4324.983887302885
317 321 1711 682 1713.3504522601806
318 319 1118 863 881.309568694805
318 377 1588 1125 1225.1898127880088
319 320 8747 3672 9223.73063661252
319 380 6524 5161 5262.167110089209
320 321 136 102 202.03819973701704
320 387 7773 467 6945.451706383456
321 325 7927 3992 2759.717096927786
321 389 9866 337 9284.704533295364
322 323 3665 20 3664.883631841751
322 324 3110 981 4376.703260204774
322 327 2084 432 2317.4251521975834
323 329 9363 8366 7245.05950276031
324 326 1026 442 1331.7818556258408
325 326 5788 4013 6504.856268097164
325 327 4103 638 4141.028780236182
327 330 1997 122 2017.201770298449
328 329 6679 111 6677.275333922298
328 445 581 318 704.3714825053232
329 330 293 154 317.38930449154464
330 444 2746 1863 2048.0509578004576
330 452 4386 638 5350.815670677313
330 447 1239 203 807.7482601147019
330 454 5994 4418 7988.726875916604
331 332 3257 49 2534.567800108941
331 336 4060 1397 2077.1396524944844
332 333 243 214 214.5213753562877
332 335 2662 513 2942.6624764256785
333 334 9518 5320 14647.924695591342
334 335 6698 4556 6806.831159652014
334 364 3301 783 3473.9529024027484
334 445 6133 1205 6159.09110713077
335 336 9369 57 8271.850257593638
336 343 2908 281 2908.390767994751
337 338 3904 3798 1848.0301332349134
337 344 9641 3078 3901.6613701081446
337 347 2627 2087 2157.60255126495
338 339 7192 4817 8432.34097915544
339 340 78 69 69.84330580606077
339 344 2435 359 2167.036231200547
340 341 8600 4778 5342.202399853022
340 349 8097 5013 10210.755220674795
341 342 2656 1913 3842.7503481434137
341 353 5484 4411 8356.166324690194
342 343 1305 1165 1289.8075923222355
342 368 9943 2922 7835.150546095528
343 365 1276 502 1204.2840021510608
344 345 5913 2677 1656.1054872712493
344 349 1132 632 85.19416363973106
345 346 2709 1194 3005.0016417272636
345 352 9473 244 9471.230160123629
346 347 6640 970 10353.109892357967
346 373 5227 2545 5467.210478258288
347 348 1557 1531 1793.6258219269
348 360 443 66 611.9825209606471
349 353 9896 9599 6868.7967803194615
350 351 955 789 593.1709415927832
350 352 3501 3059 4183.637124979072
350 376 7106 1131 6269.091124499956
351 354 7324 2077 4434.459162215931
351 371 5980 4434 6084.289445831921
352 373 1683 1056 1522.8118115743314
353 354 9752 5886 10482.30149047682
354 368 3655 1204 2576.7759388593868
354 370 4801 2609 3978.2283165112553
355 356 4896 2326 9277.804082017308
355 362 8942 5083 10853.436364748652
356 357 5079 3557 2410.07909843811
357 358 5868 3569 7735.511056728804
357 936 4954 2200 5325.97355376969
358 937 420 272 482.8562403374496
360 361 4399 113 2033.6454005650874
360 363 5181 1083 5129.7654395602385
361 362 5262 653 3462.4237419494993
361 959 1349 649 1318.2821828733197
362 936 6864 5676 7054.627942925256
362 950 3696 926 2184.2935631389882
363 375 4924 1963 5191.582913627364
364 365 2931 2018 1412.53905303098
364 366 5022 2635 6222.690725929019
365 369 6251 4889 5618.755223445584
366 367 8675 4243 8371.584906821225
366 446 1924 59 1924.048278676651
366 460 5196 2355 6742.9056130418185
366 463 4608 1559 745.8325423483288
367 368 6361 4852 7250.929119753262
367 370 8693 1433 3084.4184144561236
370 372 2649 1549 3352.0964264332933
370 461 5022 3428 1375.1319724316013
371 372 3850 29 3850.3787399930297
371 374 5564 3006 4816.257366214681
371 475 2797 2769 1542.404456760003
372 462 1211 723 1964.1971542636613
372 476 2447 870 2452.3740422904393
373 376 3653 3516 3574.7686380705127
374 375 7697 6219 4094.352392988655
374 376 7681 5701 6510.7670677764
374 475 6296 265 6291.657703196793
375 999 9864 3365 10139.449869525297
375 1003 4005 3984 5587.258053994026
377 378 8889 3622 7512.711297909778
378 379 4397 2725 1794.928360720604
378 381 8333 2610 8812.181218723306
379 380 2098 742 1928.1695941296216
379 393 5816 371 5812.264415437071
380 388 1155 840 591.2569333106503
381 382 3670 1845 444.7585810603544
381 396 5672 2931 3288.478637365283
382 397 8816 1723 9346.2085264493
383 384 4963 4940 6932.10523775959
383 385 1580 925 2140.9184237770437
383 457 3744 842 4955.863275721708
384 388 2139 775 2179.807175843843
384 425 5246 840 5254.51095442805
385 386 5023 2231 8864.90568503516
385 443 4220 2189 4858.231933040571
386 387 3836 718 4903.460068265302
386 389 6025 2221 4194.536827452907
387 389 9061 3849 8316.209088617006
388 392 6018 1989 8175.643150687731
390 391 4035 2885 6659.043833958016
390 395 9503 2408 9064.197843819706
390 402 8392 4541 8471.539219172173
391 392 772 339 884.9092092776078
391 417 1401 1021 2432.1084438210005
392 420 5142 3314 6106.327171940404
393 394 6704 5087 7963.157284491611
394 395 936 633 1306.2638796193696
394 396 4007 2761 4410.536532008369
395 399 175 41 128.51544035237586
396 397 8782 1825 7303.7893535014855
397 398 5817 3148 7975.867932687987
398 399 8457 5463 6993.072995375772
398 404 110 68 120.83183012252003
399 403 1692 700 1457.6942273499055
400 401 4845 2159 1872.5262128942188
400 408 2290 1851 1596.8857496664832
401 402 9106 2358 11212.516076202044
401 407 9988 826 9991.69230353062
402 403 4790 977 4290.118775943913
403 404 4186 3866 7104.514342204067
404 405 2348 1742 3865.944694768508
406 407 2496 1802 1411.067227260275
406 408 1051 981 1156.0296517369834
406 413 7752 2504 6971.345637931648
407 417 3549 3161 3924.2277186718375
408 414 6489 985 6496.154760438907
409 410 4429 3410 6200.657422246983
409 411 4563 1212 6512.298087120323
409 431 7821 2854 8834.944647434908
410 416 5653 3446 3466.9271021787627
410 436 5178 3579 6075.9471843362535
410 437 1786 1199 223.83838668981693
411 412 1752 1359 3313.128249607249
412 413 7020 2949 9959.888610566888
412 428 3132 2271 2499.2848516394915
413 418 2618 791 2841.6306102667777
414 415 4860 332 4013.73162111279
415 416 6612 4927 7165.010533818567
417 418 6259 185 6257.778749835474
417 419 1590 514 777.2105190856257
418 422 5199 3064 3845.935496183013
419 420 4048 2175 6409.817956977526
419 421 1229 1110 1280.135816026985
420 426 3868 1471 3693.1088876749172
421 427 503 490 479.3718953351855
421 512 9852 967 11286.847391198058
422 522 8075 6492 15420.395857866759
423 424 7424 7406 7663.50277445993
423 426 299 217 230.06623542753394
423 427 6832 380 3599.8483176015334
424 425 3112 2615 2729.357524346106
424 510 6570 2538 2531.3096021072993
425 459 2304 1863 2376.0997930426342
426 427 6071 2522 5819.635743521172
428 429 2392 1050 3000.5516474137553
428 430 203 169 192.25061057933763
429 442 1739 328 2636.819220835816
430 441 8477 322 6917.942762650533
432 433 8164 2583 7926.652690568991
432 434 1075 250 1192.1541762966424
432 524 8977 8672 10606.230928899144
433 434 275 198 360.51379509984974
433 441 8918 2016 8933.662222072155
434 442 6895 2874 3196.695071044196
435 436 3759 2866 3846.3179467433915
435 437 7388 4679 7625.947901780196
436 440 5979 1747 3438.1023627609043
438 439 2850 663 2917.539352456033
439 440 650 455 624.2224516674215
442 522 8045 7896 7752.845575702077
443 444 1335 508 749.6276727141951
443 456 2574 1300 1345.902688308294
444 455 2962 428 4295.880650993834
445 447 5460 4700 7492.451701183397
446 447 7875 6219 8532.657150658288
446 453 8232 1440 8221.926344063397
446 463 9174 6950 10627.389676937091
448 449 8591 6704 12781.29069817436
448 451 4995 2721 4386.682777267111
449 498 9814 8897 11321.195448900991
450 451 1632 683 2423.342831406362
450 455 3727 3604 5560.62320704166
452 453 3830 1847 3909.974636268209
452 484 2082 1258 3217.326576783343
452 485 2272 2066 2315.610371101166
453 484 4451 3129 7994.868764767169
456 457 3876 2243 4606.826227289239
457 458 8927 7065 2361.7558485569916
458 459 9015 2306 6378.453641052121
458 497 504 421 703.5633486442006
459 511 1214 593 1317.4352437643408
459 492 3182 2596 2841.162739797389
460 461 1790 1235 2798.2601011960887
460 464 3456 2449 5120.2355613671525
461 462 4331 1626 4084.8438962788837
461 469 99 19 135.15094870639393
462 469 4431 675 4674.096451454128
462 479 1057 257 658.996879064419
463 464 5501 5059 4729.0963350197135
463 470 290 9 253.12569826153182
464 470 4165 174 4164.573962515169
465 466 3745 163 3744.9701282415776
465 472 4614 3930 4732.196727311906
465 496 4234 473 4233.477830236965
465 499 3580 719 2055.55589581963
465 500 8839 8223 10775.550419491989
466 467 8992 8349 13387.850969848867
466 473 7986 7871 4497.702531445939
467 468 8018 1828 6242.306134733585
467 473 5059 3895 9214.240431311311
468 469 1428 419 1341.858944894394
468 474 5295 2997 4502.231953835424
470 471 2398 1130 1656.2086902252622
471 472 2178 787 1746.220986843528
473 474 992 441 1032.730529180227
473 480 4458 1237 4649.044592413867
473 501 5393 1638 7225.952501182112
473 503 4200 823 2967.22654534394
474 479 3320 759 4940.062636147139
475 476 8469 110 8468.539089990905
475 1003 6483 325 6658.633900874961
476 478 9438 4078 4847.703911975843
477 478 3696 835 3712.81990727571
477 479 8337 7041 9077.055849602302
477 481 5485 1743 1801.9639482859739
478 1013 2511 789 269.39171662556333
480 481 5139 2715 4986.990905945725
480 506 9564 9230 7004.63221150336
481 507 3327 614 2841.67170690423
482 483 3065 998 3493.453743974012
482 484 5074 1885 1877.5900643362054
482 493 6923 6390 9471.103202726612
483 485 8350 2365 8454.133732860673
483 495 741 521 391.0629326364016
484 494 400 101 399.3068034898948
486 487 3203 1385 1400.6186029300175
486 488 7822 2243 9984.976270698726
486 537 9685 4788 7740.228197792699
487 492 7591 3387 8248.313000215107
487 514 8813 2983 8821.808154918052
487 544 367 31 364.28768142359974
488 489 4604 1261 6651.277554528469
488 496 7543 2001 8785.551878719541
488 519 4233 20 5686.385817840905
489 490 7277 6138 3243.647358960984
489 495 8013 5096 8294.139407295426
490 491 906 632 821.4348741816717
490 498 4488 431 4494.025546804567
491 492 1975 391 1199.2327366606835
491 497 277 13 309.34446667096097
493 494 828 268 703.4272610696594
493 495 320 312 159.7988417614005
493 496 4387 4231 5106.080722592994
494 499 7275 5600 10625.801820720162
496 518 9467 7303 10551.472025296669
500 501 7904 4567 8165.483221539648
500 518 3011 2834 1059.0067192431457
501 502 9540 3529 9517.158123812342
501 541 565 107 32.23414767063016
502 503 8038 6533 8252.244174678897
502 538 8946 4576 9924.751290067401
503 505 6025 5612 7928.5899187731475
504 505 1328 816 1311.2604390338208
504 506 538 64 542.5164001483826
504 508 7500 1177 9788.423326913458
505 540 7556 2981 14499.62250470756
506 507 2802 1855 3124.556679324569
507 509 6956 3299 8984.405465436563
507 1013 2963 2488 1856.4149308606
508 509 8447 4829 10730.475925175633
510 511 887 345 1028.0350199528075
510 513 8618 2836 8886.420333852697
511 515 292 91 298.89402372457755
512 513 6471 789 6460.447244956912
512 520 6071 4655 6286.359619505623
513 517 7874 7150 10275.274113410502
514 515 2718 459 2290.947622331895
514 527 1083 1041 1097.3640448742813
514 532 6607 280 6603.867682178725
515 516 5850 3701 1909.0741708516366
516 517 7752 6838 7864.726681734606
516 526 4421 1011 4432.5647488263785
516 527 4570 751 4203.384571046733
517 523 365 140 704.0990121879423
518 519 132 78 185.75201874245823
518 541 5337 3715 8905.08075732798
519 536 2763 609 3330.660907831789
519 543 4815 3752 4958.838452126257
520 521 9445 774 8619.386634529144
520 523 9569 1599 8830.193261040715
521 522 5932 1134 3333.0829356519484
521 525 6898 1418 6770.871044867649
523 525 1672 140 1673.2437060118207
524 525 9833 3828 8856.494359464263
524 526 8179 2809 10272.647113924262
524 533 8623 6968 1244.3176367082865
526 527 9107 1078 9112.305353358102
526 528 4196 2791 4755.698729731049
527 531 9800 2153 9772.60412898984
528 529 7297 6872 11934.488698296725
528 533 3272 1750 869.9774320378259
529 530 860 788 975.7280633165212
530 531 9132 4647 3518.4584420607903
530 545 5362 4787 3332.455332815397
531 532 4086 3948 4976.407315095196
531 547 6330 5159 9042.41517932877
532 544 3886 1654 4089.3870005327167
532 547 4734 585 1793.2586504274468
534 535 3438 2217 4587.712880731752
534 537 634 393 1052.0559923988978
534 546 4532 4356 3940.6452024637015
535 536 998 879 1106.944945608976
535 551 7604 1379 12372.361433341288
536 548 4148 3157 6208.141035703802
537 544 58 12 58.19758896638214
538 539 4639 219 4638.3825386544895
538 541 3423 1640 5829.656793985145
539 540 3833 3593 3645.717618451316
539 542 4994 3125 7540.819668198423
541 542 6979 3760 12758.624208829391
542 543 9637 2950 9354.087979930613
543 548 1547 401 1878.031110992524
543 556 492 201 265.07020569623074
545 546 6053 4046 6854.3892082519515
545 547 9078 1105 11199.644900036083
548 550 488 201 520.1479530262895
548 554 3574 2781 3618.6064461179517
549 550 5098 1563 3998.063160465414
549 551 7350 507 6651.675269701946
550 552 9428 527 2829.8246912112713
552 553 8670 7397 14019.32531143511
553 554 3041 2140 2732.1904037698655
554 555 9467 8353 11921.18557845009
555 556 6903 4624 6466.199155298902
557 558 7062 6005 10144.70251109812
557 559 4241 764 4281.249833477789
558 562 2550 41 2878.246055149362
558 563 455 346 444.90003560797686
560 561 2171 342 3604.2278104354
561 562 2976 2241 4182.48648581117
562 591 3914 1144 3928.8364706545026
563 564 3437 278 3438.080236304724
563 572 7535 5189 7201.603168337578
563 578 2002 1754 3435.352582762507
564 565 1882 276 1687.3794902232944
564 575 9327 8351 8661.555134760203
565 566 2 1 1.6469350567099463
566 567 9653 9449 2269.7498301966634
568 569 698 499 744.2535072286347
568 571 4003 876 5541.864125703966
568 626 2989 552 2089.4950026519523
569 570 7312 2798 8985.571051966503
569 596 499 465 705.5565331831014
569 654 3019 529 3412.997552073934
570 571 9731 2794 9683.70113480178
570 595 2634 112 3418.5995878940985
571 619 1799 925 2080.946603614567
572 573 29 16 27.802821953997142
573 574 9521 9423 2475.4162390303363
574 866 9605 3789 8170.121663419871
575 576 5337 2652 5945.0068967222105
575 577 4683 1320 4642.348464977338
578 581 9804 9601 9687.495698660412
579 580 4144 3276 2857.6790931657374
579 732 2414 1246 2215.3497574222924
580 767 9148 8846 8814.054442848501
581 625 8209 573 12037.230519025741
582 583 302 185 167.42018679216596
582 862 6188 4243 3804.384819472045
583 584 5956 5278 6375.387294080082
583 933 9476 8207 13374.34512005046
584 585 8281 1004 8286.987252949539
585 586 525 144 522.5951330515608
586 587 9252 1367 9490.535796501586
587 588 3142 1759 2513.8157008057565
588 589 2196 1059 2326.8623425501823
589 590 6494 354 7336.261569858704
591 614 8527 1242 8527.520774170482
592 593 9463 3630 8416.005605781287
593 594 4619 147 4617.219607129253
593 600 301 263 262.98961491769734
594 614 8682 8028 4457.597678873618
595 617 3014 1129 4043.763084527608
596 729 9387 7013 8167.084309502087
597 598 4253 510 4239.875646533899
597 614 6396 4507 7038.979355806141
598 624 7600 3111 7795.589142083989
599 600 9353 2112 6126.454554055058
600 602 6588 2495 11505.120551085487
600 603 4757 1147 2905.1715876903304
601 602 6567 4055 5968.798984664446
601 614 119 84 43.58513063453853
602 606 6200 4171 7123.420759506604
602 616 9643 9238 8918.123979501352
603 606 2181 1826 1199.0019264017867
604 605 2619 1780 2595.2645195630735
604 613 1994 1222 3556.4184526372887
605 606 8119 7174 12940.438766150519
605 620 3204 2372 4358.594476617831
605 622 5994 5890 4303.401939506703
606 615 6688 162 9401.18388672532
607 608 7864 4059 8501.412648019317
607 609 7144 5190 7791.786596911031
607 610 5156 4307 4471.928208213992
607 621 3682 2028 1064.1445563119162
608 612 9490 5748 4712.9451279381365
608 630 3550 2097 3648.7899780949824
608 631 3585 2538 3149.4598983330425
610 611 5184 4667 6746.749508192868
610 613 7355 852 7353.233684739248
613 621 2333 179 3179.8378199303197
615 620 7356 6524 6151.927209153291
616 619 1216 543 1281.5667494225029
617 618 4934 3874 1438.798847601974
617 729 2318 1879 2589.3666851513394
618 624 6592 1940 5448.835744937186
618 733 9112 3376 7602.189661931127
620 623 2062 1349 2022.9315588150434
621 622 8741 6209 10322.540870491473
622 623 6962 4901 5289.667899695425
622 631 5682 2616 6748.287356677003
623 647 635 426 719.2536121489903
623 648 2909 2867 2995.5744988807
624 625 2711 847 3588.597603841906
624 732 7274 3100 3557.1514422306263
626 653 8321 8311 6856.383606222089
626 654 7682 3894 12260.1196450784
627 628 8046 162 10240.30427376254
628 629 2576 588 3567.9029733107627
629 635 1313 823 1003.4172807647284
630 632 2167 1858 737.3272057791753
630 634 360 67 271.0048443893789
631 632 721 460 783.4768770675933
631 647 677 196 736.8326226129676
632 636 8204 1679 7776.883545032952
632 650 3649 2010 3745.086702397698
633 644 613 263 759.4394348993332
634 635 1984 726 2139.286033000149
634 636 9159 3290 3476.2174166998207
635 638 8108 933 15307.802657782277
635 640 9907 2590 13253.140689168347
636 640 9785 9515 9262.298107867893
636 643 1309 910 166.73648383347512
637 638 7479 2623 8975.881004642353
638 639 4294 3080 6467.524082679279
638 644 8634 4297 2565.650197710655
639 640 1399 53 1608.1203954163939
639 642 8027 957 10703.014711113377
639 645 2735 992 1623.6799589108039
640 641 6613 1842 8770.826044810057
641 642 8771 3997 11643.97727501055
641 643 2486 2326 631.9567039034258
641 661 5047 3555 6287.261048477766
642 646 8771 7599 4735.117564575051
642 662 5819 747 1973.4630023982686
643 650 6473 4661 8940.719586931422
643 660 3377 2038 3041.2138022888707
644 645 315 265 538.4418202327411
644 674 7178 3476 3641.0482625824407
645 646 9698 6945 6808.5374130533055
645 676 1354 82 1353.786280096032
646 677 4859 2486 4030.817163572786
646 692 278 152 259.72882159585856
647 649 766 480 772.0035397981903
647 650 1316 1085 1507.8185263381617
648 649 2455 89 3411.2491087816225
648 652 7929 788 13985.24412793027
649 651 9983 2435 6322.799212646734
649 656 8560 2217 7142.702758150572
650 651 1656 87 2123.2404137139933
651 657 9568 1437 12177.227812085068
651 660 3857 485 4429.763909103442
652 653 176 166 80.6461425713975
652 656 8718 3857 7678.799334429029
653 655 8374 3001 6976.225785506212
653 658 7460 2306 8519.557690382406
654 655 3252 1435 2297.9379899930486
654 727 5540 1971 6322.762406784237
655 668 5438 5342 4124.490661679146
655 730 6480 2706 4527.744717352556
656 657 9165 3803 9247.291841517277
656 658 1849 523 1921.0116437066283
657 659 7289 5697 5942.3333204293485
657 663 4824 3081 2970.187157814382
658 659 7056 1154 1479.0458595124298
658 668 7746 2058 7263.9592251631175
659 665 6201 3217 4720.623002737171
659 667 9885 8516 8829.313817220383
660 661 9723 3997 18143.890454620738
660 663 2875 2757 4673.279791665693
661 662 9859 4541 10170.004234623852
661 669 580 286 444.52763781278867
662 670 7674 7595 4726.346876132853
662 692 171 126 123.43447533234873
663 664 7779 1854 8134.219908432057
663 669 5476 4248 6869.252291413635
664 665 4911 2627 4380.739236160524
664 671 9893 5509 11893.639050621832
665 666 2346 1780 1831.1992191229715
665 672 5783 1370 5566.073406399213
666 667 5115 5114 1684.8558061341132
666 743 8972 4271 9086.87118223896
666 702 3325 2836 1431.7405969789918
667 668 1646 736 1651.9571467640985
667 742 4872 777 4641.143533858596
668 731 2042 938 2604.2823369515972
669 670 6348 3142 8278.362609805865
669 671 8858 881 12059.674285624144
670 694 2419 1389 2211.471351467891
670 698 3142 1490 2847.2831568061115
671 672 9054 317 9053.109321953612
672 698 1531 764 1430.4046556984044
672 702 332 236 336.6121547261036
673 674 6566 2709 10210.423355999292
674 675 6510 198 1232.101467900864
674 676 3639 2126 4383.3295101319745
675 679 1937 1370 1913.2074897107757
676 677 7164 3927 8637.882580558136
676 679 249 2 249.01566601876826
677 680 813 70 813.0015678991183
677 693 2085 398 1963.0656101420316
678 681 2734 1039 3797.9448375097736
678 683 6221 598 6718.251910777909
679 680 7968 130 11266.028569412936
679 681 7287 4986 7318.448894659358
680 682 8775 3335 8332.220059350107
680 695 2961 614 2953.064004084257
681 682 5290 2669 3893.099365323962
682 683 885 759 1223.9226506944913
682 705 226 206 203.97410017192126
683 690 9223 6107 12805.00723442167
683 706 7224 3249 4251.397707143369
686 687 6093 5286 7352.895430825501
687 688 4242 4231 2925.9346371242727
687 938 1867 1345 845.2126596030453
688 689 7161 2803 4002.84647289891
688 708 4364 4097 4220.890375325173
689 691 1800 314 1818.806144002274
690 691 3461 2794 4571.464520507702
690 706 1059 1036 678.7311848974527
692 693 4685 3629 7500.143160916118
692 694 609 411 665.6684031188305
693 695 5971 3136 6050.976016135116
693 696 4210 2543 1553.947960816076
694 696 9088 7123 9042.623646233278
694 699 9282 8299 10961.35393823236
695 697 5272 4132 9018.40614179403
695 705 5225 754 5229.804985044751
696 697 8303 2991 2570.63420748781
696 703 4388 3221 3682.684291525814
697 707 1493 161 1494.554196381952
697 713 9422 5090 8913.678187754198
698 699 362 326 341.2601106812932
698 700 3301 642 3362.4858839644753
699 701 7128 1883 7809.9146523360505
699 703 7478 3052 7438.600472771273
700 701 3604 3333 2804.2969046157345
700 702 9679 3431 15156.65550290816
700 791 7427 5146 9410.59690745552
701 704 3409 231 5330.934973183925
701 722 2909 317 402.5026402982773
702 744 5372 757 5387.874434029296
703 704 7087 3655 7286.984848985094
703 713 5763 1649 7163.052246170125
703 714 3373 593 3852.666522191583
704 715 2144 193 2324.693980632423
704 718 3280 2231 3867.6412322630144
705 706 6236 2869 3939.919670402488
705 707 8505 6661 6023.53335414744
706 711 4730 101 4729.682537482785
707 712 255 11 250.26661103051794
708 709 7932 5696 3488.916478131439
708 944 2122 1604 2313.395986512447
709 710 2147 280 2435.6935530999067
709 941 7334 5476 5265.09910924119
710 711 8828 4069 1782.6954134643465
710 723 4663 442 5074.969985925798
711 712 6835 4899 2230.254895452203
711 725 9074 585 14110.000050539837
712 713 8045 1873 10036.206698625561
712 726 2922 845 4285.449513376435
713 714 4925 2434 6806.737323151292
714 715 8611 457 8607.905933030133
714 726 2312 834 1031.760053115235
715 719 9329 1924 9404.523705949307
716 717 4567 1196 3568.44619209113
716 720 9376 1755 9204.775887543834
716 724 4798 1170 5616.746640372501
716 971 7425 6570 8603.335967613537
717 718 5300 1910 5336.207179211045
717 804 7659 6684 5762.679132850009
717 973 9698 4946 12399.290245258857
718 721 4228 1534 6337.337672263815
719 720 4452 3134 6170.626790269715
719 726 2976 1320 1114.781361756994
720 725 3789 3422 4996.22120702437
721 722 5768 4463 4646.852550594774
721 802 9771 5667 13695.85289535653
721 804 6534 2870 8453.675844445646
722 791 5971 1048 3756.0932100367213
722 794 8670 7941 10524.462997367926
723 724 5429 5106 1032.7703426344476
723 956 760 370 1135.8125520960828
724 725 8840 5741 7271.662381858843
724 970 1035 322 992.701637117469
725 726 2183 223 1384.8119350456343
727 728 6102 2028 1246.1046344377608
728 729 7699 4101 8280.932744032829
728 735 901 552 1183.37351974915
728 738 7348 5199 7750.720515748955
729 734 3825 2487 2814.7997414098018
730 735 1484 311 1573.6126500337025
731 740 5932 4794 10168.585968930018
733 734 9749 705 6750.723618166989
734 736 6602 4666 10895.872954076758
734 757 8347 6627 13238.955581594568
735 740 3598 1164 3264.0714238221863
735 739 5048 35 4691.9383451519
736 737 6670 4308 6069.966145823977
736 738 1496 1475 865.8430652204466
736 752 56 33 57.335344447648836
737 739 5836 4148 7188.124639232892
740 741 2372 638 2852.875885104651
740 746 5954 1333 6625.132035086118
741 742 3151 843 2914.9214218668208
741 745 207 80 142.32637460523372
741 753 9178 8162 12283.0887752182
742 743 8409 4531 9393.107843479936
743 744 3296 2151 1786.244726623737
743 745 6270 5626 5453.4760516739625
744 791 1126 735 1157.0555991531062
744 792 2104 1913 3465.4727299209885
745 754 6258 3876 2141.5209394020626
745 792 6701 1828 7122.472850922526
747 748 4796 292 4904.580059350752
747 749 376 59 375.25849266807523
747 751 1484 528 2265.808971297814
747 774 1283 136 1902.9485456229552
748 750 9619 6356 13038.412860467544
748 756 482 394 628.3626880940703
748 775 9518 834 9041.868087745368
751 752 7713 2431 6829.644477819428
751 757 1684 845 1745.5121070350506
751 770 6520 1319 3093.7370166988712
753 754 8937 7800 8682.730365638445
753 755 9098 4293 5494.0136276651265
753 756 4828 191 4159.604872065547
754 795 9751 7664 5955.584528391865
754 796 8336 6957 12842.377357805712
756 777 3430 142 1689.1142891044199
756 796 5497 554 5492.034217377189
757 762 1569 484 1577.9864630939142
758 759 9081 5554 7258.4781107433855
758 769 6296 5452 3186.5305416670485
759 760 7237 9 2998.6092619195656
760 761 5394 2938 6950.911837497771
761 762 4029 1693 4799.98519645636
762 763 8983 530 8717.655955321294
763 771 9415 3056 11905.97089892461
764 765 6720 3139 4851.462539510253
764 766 1614 491 1798.7940170825582
764 863 8009 4223 8026.009696376073
764 886 7993 7460 11803.786761459094
765 879 1906 286 3146.249522852532
766 864 4995 4460 4231.504709825547
767 768 8975 6034 9706.665611281973
768 772 9105 310 9101.413038748977
770 771 2984 1609 4212.484357756874
770 774 6652 1593 11605.434197105613
771 776 6119 3702 6359.374675779079
772 773 824 485 1307.9379924956602
773 865 8762 3298 6643.451099900477
774 775 2157 1596 1596.9799524964108
774 776 5349 127 4154.974733422335
775 777 1342 1016 1376.7835896293002
775 778 1575 821 1615.5514147200038
776 778 2411 851 1799.9723187646168
776 786 471 214 492.3327774040825
777 779 8500 5129 5919.915689923346
777 819 7491 1563 3114.5194573569347
778 779 5005 2473 2991.236247287601
778 785 4924 4874 3078.083125315791
779 823 3647 1404 4412.265434828795
779 826 9676 6085 9651.897332812854
780 781 6782 3025 3206.6001846115682
780 784 164 59 133.04018331736987
780 867 9620 2731 8009.9999369465795
781 782 9198 7144 4509.428736146315
781 788 107 98 165.8989019633683
783 784 8528 3689 5652.716779567444
784 787 6712 2140 8483.834299120013
784 786 8743 5522 8017.158994286849
785 786 1054 874 1586.7591113310932
785 787 2566 445 2809.340305089456
785 826 5737 3079 4352.716197161573
787 828 3167 599 4286.064190069987
788 789 5530 1328 2059.603948373916
788 867 9007 2487 8462.630862330263
788 842 9567 981 13875.925738961583
789 790 1807 1436 1292.562945303729
789 868 504 147 834.1011790411964
789 841 6133 207 6134.266141026445
791 793 5821 1646 2107.404083970894
792 793 7423 5503 5565.910361657056
792 795 3030 2363 1509.6597667999467
793 794 1334 612 1978.5803732892502
793 798 6611 4818 2612.8498941435887
794 801 2498 244 2509.1527478968405
794 802 9512 9001 11151.931242081722
795 797 9435 9035 11906.01012163318
795 798 8337 483 6149.86443376653
796 797 3915 2210 3869.7755871517174
796 819 4951 2639 5706.645302019259
797 803 4576 3760 2932.208363759708
797 811 4991 4135 7891.270336973759
798 803 9817 1678 7271.243870737351
798 807 6815 5156 7510.104809691637
799 800 2331 457 2369.178096239424
799 807 7823 5257 7654.874566626415
800 802 6323 1276 6322.061593925307
800 806 4592 1222 5842.892152158436
800 814 6517 1293 10374.385604743095
802 805 2193 967 2190.047965177247
803 808 5197 3673 1021.3858166594907
803 809 808 296 649.8069764272268
804 805 8499 5628 9993.4367017465
805 806 7001 3651 5928.675817829089
806 813 8068 1811 8062.686880979614
807 808 5708 5258 5377.720170137853
808 810 7439 2585 8060.589616610452
808 815 2835 1565 2549.064462290287
809 810 6381 3341 7142.2296034551855
809 811 3553 1264 2869.5308485062774
809 825 1528 1463 1378.3882472866087
810 817 9020 7590 3195.1005606931894
810 830 7980 754 11504.532672970177
811 819 9930 7455 4774.169805454577
811 820 6708 2670 6711.8545442288205
812 813 8212 2119 8394.798268747356
812 814 9704 5260 3148.9483985941047
812 818 3965 488 1693.3506351208623
814 815 4479 361 3811.4648652359456
815 816 5999 1445 6051.459938730632
816 817 213 116 234.2711731411253
816 818 3263 1317 2803.274416369377
817 832 9185 5865 4985.20215171885
819 824 1277 1276 1856.2410454932765
820 821 7253 1397 10478.37777881103
820 824 8189 5191 1869.4977904396735
820 825 897 703 1069.8381518898939
821 822 1633 1029 1080.8288399323865
821 831 9879 1197 9876.208600142792
822 823 7172 1162 7177.23005080548
822 826 3501 1613 2814.5121466340074
822 829 8864 5205 11678.068056888482
825 830 3600 139 4037.1291919734495
825 831 7246 2714 6196.8355828354415
826 827 3626 3106 5046.13591865843
827 828 4017 3949 4331.486128447707
827 829 8672 7651 11692.709571432748
828 829 1920 1169 2491.887419296451
829 867 6865 3659 8848.368896469525
829 844 5839 3768 6104.405127749266
830 832 8434 5810 13239.008415915068
830 835 9049 5893 9204.914479185247
832 833 8196 3627 12139.342214780956
833 834 3215 3101 5749.847731546723
834 835 6821 4304 8455.673452499072
835 836 4754 913 303.52356038253305
835 838 9055 6531 6516.681433455584
836 837 2743 869 2810.6493199341908
836 843 4446 2930 4094.6173360988378
837 838 3299 67 3113.2049164053874
837 839 8180 78 7852.809409027455
837 844 3832 3450 1683.4611623925607
839 840 6916 2977 4477.558237862581
839 842 9193 5822 4435.995344322456
839 843 5996 5285 5234.302805310192
840 841 2611 1539 694.8437765389916
840 874 5707 744 5431.468812534812
841 842 5621 300 6735.456997761027
841 873 3717 2602 1406.4275516506766
842 844 8672 4766 9994.731530584688
845 846 5780 2220 1622.6714020815994
845 908 9381 9028 10452.450517104755
846 847 4571 177 4570.96862339276
846 918 2186 1981 1171.8290449108017
847 913 6618 1581 7589.529297042825
848 849 9533 4136 12760.006646897706
848 854 3848 1006 1674.876029123202
848 929 8646 743 8639.791928099365
849 850 1639 449 1086.6807085903758
849 860 7620 679 10381.58307210077
850 851 8009 3546 4753.060882966388
851 852 9997 3156 10851.87125919252
852 853 457 375 838.2881684763107
853 854 541 203 147.11318036180933
855 856 4056 3274 4998.265051757853
855 857 4872 1948 2941.6787332652734
857 858 5275 3164 8454.482149896348
858 859 1181 1117 1943.5004049227548
859 860 5851 4571 3849.5948176994166
861 862 6231 912 6053.93062629963
861 929 64 38 76.95161270031909
865 905 6079 1291 5045.469057919922
868 869 9662 226 8404.411823034992
868 873 5263 612 5259.363235682811
869 870 6727 2547 5785.537343221633
869 872 5748 1082 4299.508201890557
869 875 8038 560 8463.405857976562
871 872 5734 5253 5658.3877831134
872 877 3856 1002 1694.0829736756891
872 894 7451 1402 5993.169432828304
873 874 577 89 98.6377723229396
873 875 3759 3703 4471.868463649483
874 876 8575 4506 15192.453602650747
875 876 4399 1451 5139.783237257914
875 877 8820 1719 14242.167707585446
877 895 8007 6167 7192.165730051446
878 879 488 261 397.1781304403423
878 880 8267 5140 9917.393776872943
878 891 7606 647 7599.199268826191
878 894 4745 2992 9308.371063208595
879 882 5507 3975 4611.967013842246
880 881 3109 2112 1684.2117424122714
880 899 4976 3827 4373.619707052029
882 883 9480 2603 13665.96978707
883 884 4715 2263 3929.8506049790576
883 901 1364 1292 1712.8125410401885
884 885 4207 679 4204.2332397547
884 900 203 86 175.2361964932016
886 887 5013 2931 3957.9631766204907
887 911 5723 5376 6325.512540141428
888 889 4333 2433 4351.307950979428
888 898 2231 157 2474.117550207385
889 890 7125 1645 7107.289863998602
890 891 1445 319 740.044223494821
891 892 7264 2927 6529.922349477424
892 893 8902 6014 1632.3401249214282
892 894 924 35 924.3131397608443
894 899 5975 923 10797.078636407392
895 896 8340 2590 10326.900258735552
896 897 9362 446 9362.094386401639
897 898 4611 4007 2674.0692060198585
900 903 9319 6148 14187.481032527405
902 903 7537 5153 7136.817418094204
903 904 7447 2430 6562.159719498271
903 915 3596 3547 3624.5767801773654
904 911 1583 1494 728.1822612208315
905 906 2477 1682 3031.578266930949
906 907 5461 3753 7380.037507593051
907 910 1985 822 1686.5643613867555
908 909 7519 4804 6620.623380679236
908 918 1853 1533 2087.3968361879515
909 929 7158 3056 4296.029498313677
910 929 4099 4034 3997.041921713136
911 912 425 17 255.97037925232993
912 913 4468 1246 5678.731418615786
912 919 8472 6235 8161.518789731669
913 916 6285 634 4522.2094260355425
914 915 3792 1683 232.66830482250572
915 919 6051 4699 7467.283485932826
915 920 8755 8522 7658.3952131844835
916 920 7448 4915 5981.259566384146
917 918 1538 261 1531.6315018928171
917 922 1962 1958 1733.0455124941018
918 928 1092 1088 792.821326491166
920 921 5067 2756 2414.046021614042
922 923 3478 75 2899.448389586333
923 924 7274 7221 7350.877509768889
923 925 1065 580 521.2445408763448
925 926 1373 1327 493.76601305447286
927 928 1458 755 902.4999122226658
927 930 7210 1833 9741.41057767694
931 932 1431 793 272.7500860289258
932 933 3966 787 2050.052838985152
933 934 4260 2416 5248.175078316428
934 935 4396 3835 3275.9363035860465
936 945 2435 2385 386.49747344543005
937 948 7994 7564 2892.1868416641146
939 940 576 322 442.9718861997674
939 949 8178 1030 8456.38522310215
940 941 1347 933 1858.137562297976
940 957 4554 3090 5472.229018369094
941 942 4104 894 5276.199875461679
942 944 6700 1851 6808.94024328482
943 944 3882 671 6365.483178130697
943 948 475 117 550.0987401924502
944 949 5922 3856 3315.9371736651538
945 946 670 349 869.2468082545843
946 947 6324 594 6320.82072389534
946 951 9073 5267 7029.364361123416
946 952 2555 484 2319.7294543929543
947 948 9306 8780 12839.563461214033
947 949 8310 6891 12138.192881885678
947 953 1633 1012 313.6555930951554
950 951 9845 8185 11024.217828001749
951 963 3364 1606 5952.380611541796
951 964 7724 6607 9545.914621538159
952 957 5832 1690 5262.392895272164
954 955 5110 4149 789.9255803154552
954 956 5289 956 5117.331351562262
954 974 1599 493 1595.6799247273752
955 978 6944 4145 12458.417042521842
956 970 6440 6033 4775.161411398114
957 958 8811 3980 6016.71118626351
958 964 7267 3180 10948.010365660895
959 960 7324 5151 7738.201293701943
960 961 1747 1425 1838.72761633586
961 999 6117 2606 7212.458663425628
962 963 1803 415 1766.0489047026615
963 965 5675 1988 5287.269228597905
963 969 5179 4980 2432.94584349249
964 965 8866 2451 10860.360861737285
964 979 6589 751 6595.716284848488
965 980 6627 5299 1143.1438206271089
966 967 9443 5537 7253.628457475381
967 968 4531 3934 3446.063611264108
967 1002 7541 899 6986.40027377484
968 969 6148 2805 4748.442956867959
968 1006 57 30 71.67560319379554
969 980 8437 2527 8446.434473041449
970 971 9714 3620 11269.664834424566
970 974 3763 15 3762.811304385636
971 972 1500 1434 1332.39272668207
972 973 2934 87 2934.8039235237793
972 976 1176 1123 719.8752554256575
972 990 4525 3702 4114.948559225373
973 994 3213 1449 1463.2770205019792
974 975 7505 6495 8365.277945267331
974 976 5644 3084 2845.8642410048815
975 985 7230 4557 7712.433880483286
976 977 9168 5668 11871.639163317443
978 979 9790 2942 13000.477559882704
978 983 130 121 131.94600917368143
979 981 6817 3535 6731.194187892401
980 981 3419 3289 4732.791817605337
981 982 1538 1059 399.6205255225371
981 1007 6027 388 6026.8692431143545
982 983 9433 2176 2767.6472355792466
982 991 4772 3576 2643.717849618419
982 1035 9463 7340 6149.004895556489
983 984 8536 5369 9988.737805739825
984 985 8654 5269 12823.125874241376
984 991 1634 261 1831.9780639932253
985 986 9617 1695 10242.301796622663
986 987 1013 512 1122.0215076499458
986 993 8347 1025 8346.866638095544
987 988 3448 2732 1959.5944544151425
987 995 1833 1623 1592.824219513312
987 997 1824 1765 1303.99717711756
988 989 8892 7207 11811.827749508244
988 990 9864 4565 15452.674407960629
990 994 2921 231 3377.2750091458397
991 992 2041 1692 3124.925876142462
992 993 8402 2623 13980.861638824588
992 1036 2990 1082 3187.380161895567
993 996 880 666 718.4533561716098
993 1041 8139 181 8591.862193525536
994 995 4151 1523 5420.774703219157
995 998 6080 4130 7134.534611644344
996 997 890 181 1402.0700640764558
996 1047 9384 8956 15971.702353893346
997 998 5944 2354 4560.013250448224
997 1048 1427 1311 1944.6100840194028
998 1051 7701 746 14131.124618014723
999 1000 6806 3635 8514.895348087999
999 1005 6580 3441 9432.790819770094
1000 1001 8954 5586 14851.483156827604
1000 1009 3435 7 4230.003814281214
1000 1010 5454 3914 6908.099506260538
1001 1002 5587 2172 4999.128040388623
1001 1006 3863 2828 3919.2427663065673
1003 1004 7056 4574 6448.962725213562
1003 1014 4317 3952 3896.097064465791
1004 1005 9318 6076 7665.749151275092
1004 1012 1877 6 2294.70342690237
1005 1011 1714 520 1693.7755065958359
1006 1007 9046 7462 3502.2901935048444
1007 1008 4136 277 4207.015688550547
1007 1020 6746 4994 2302.080336235736
1008 1009 8516 6066 8324.83062435621
1008 1021 1960 174 1960.3524861899864
1009 1015 5147 2401 4523.987125020018
1009 1018 2818 987 3649.048665749071
1010 1011 306 251 247.795482784382
1010 1015 7818 3708 5380.8005988282175
1011 1012 7822 7229 7396.612019208391
1011 1023 6886 2056 7623.567626371116
1012 1014 9971 4201 8652.29434572366
1013 1014 5626 1271 5618.5428003418365
1013 1028 4163 1886 4918.751118536313
1015 1017 9128 6609 9837.801858846935
1016 1017 6226 3815 8251.14799471138
1016 1018 8669 4488 11564.297057159141
1017 1022 5313 23 5430.2700675328615
1018 1019 4691 3923 3453.400833220793
1019 1020 1244 420 560.7546085201366
1019 1039 5631 838 5628.303944661762
1020 1035 1482 161 2051.440514155358
1020 1042 3119 2533 3129.545042823103
1022 1023 674 16 847.8731400108771
1022 1033 5899 1268 5910.381733985864
1023 1027 5739 1640 6300.648715848839
1024 1025 8862 6011 5527.095288478496
1024 1026 9224 424 6810.862362703195
1024 1027 7213 978 6861.080740291079
1025 1028 4540 2138 4560.715689327471
1027 1030 9431 5825 15284.095045258302
1028 1029 4775 1476 6311.330027261616
1030 1031 8163 3941 5544.808088550197
1031 1032 7926 6070 2935.114102592095
1032 1033 1246 267 824.3065729652201
1033 1034 7045 4018 9508.512193821449
1035 1037 2295 1380 151.23719158969632
1036 1037 2487 109 2489.6977183601293
1036 1038 9412 8211 10005.322811505555
1037 1038 5107 4246 3014.9746788499933
1038 1042 9522 8249 9379.470724466255
1039 1040 6284 1606 2220.8519021420934
1039 1043 7665 4051 7282.165345908915
1040 1041 369 168 500.4612957083659
1040 1044 9060 2954 8637.456055084092
1041 1042 2681 542 4859.407639502544
1041 1046 3250 1615 2683.3399939753867
1044 1045 5607 1579 5576.7078329940205
1045 1046 2584 1132 2093.0572850209974
1046 1047 9424 8463 14438.543386061108
1046 1052 2290 2047 1353.894215803337
1047 1048 3072 616 1429.299824930934
1048 1052 9299 2794 7077.203961402369
1049 1050 3035 1595 3454.660586434673
1049 1051 1293 886 1623.8162140650697
1050 1053 7550 1143 7542.316414474141
1052 1053 4337 1042 4293.309694130151
1052 1054 5390 232 5388.582978509713
1054 1055 9238 7653 5545.630436975341
